tree
version=v3
num_class=1
num_tree_per_iteration=1
label_index=0
max_feature_idx=42
objective=regression
feature_names=TID money_in money longitude latitude day weekday yesterday_income_growth yesterday_growth_of_income_growth income_1_day_before income_2_day_before income_3_day_before income_4_day_before income_5_day_before income_6_day_before income_7_day_before income_8_day_before income_9_day_before income_10_day_before income_11_day_before income_12_day_before income_13_day_before income_14_day_before income_15_day_before income_16_day_before income_17_day_before income_18_day_before income_19_day_before income_20_day_before income_21_day_before income_22_day_before income_23_day_before income_24_day_before income_25_day_before income_26_day_before income_27_day_before income_28_day_before income_29_day_before income_30_day_before mean_income_all mean_income_last_30_days mean_income_last_7_days mean_income_last_3_days
feature_infos=[406136:699664] [0:2697000] [0:6019000] [35.500558769999998:39.842458970000003] [54.458422939999998:56.757842529999998] [1:31] [0:6] [-2214000:2697000] [-4911000:2697000] [0:2697000] [0:2697000] [0:2697000] [0:2697000] [0:2697000] [0:2697000] [0:2697000] [0:2697000] [0:2697000] [0:2697000] [0:2697000] [0:2697000] [0:2697000] [0:2697000] [0:2697000] [0:2697000] [0:2697000] [0:2697000] [0:2697000] [0:2697000] [0:2697000] [0:2697000] [0:2697000] [0:2697000] [0:2697000] [0:2697000] [0:2697000] [0:2697000] [0:2697000] [0:2697000] [2274.7252747252742:734461.5384615385] [0:843500] [0:917142.85714285716] [0:1247000]
tree_sizes=2854 2874 2848 2864 2873 2881 2907 2876 2894 2869 2875 2906 2879 2857 2859 2859 2851 2855 2849 2895 2866 2878 2838 2834 2848

Tree=0
num_leaves=31
num_cat=0
split_feature=39 39 39 4 39 39 39 39 20 39 39 1 39 1 39 31 1 1 1 36 39 23 14 1 26 0 13 39 41 21
split_gain=7.98227e+13 2.93065e+13 2.33407e+13 9.49526e+12 8.19619e+12 4.87758e+12 3.54187e+12 1.76945e+12 1.59072e+12 1.15761e+12 7.40701e+11 6.5423e+11 5.99172e+11 5.47048e+11 4.60671e+11 3.63685e+11 3.40837e+11 3.14167e+11 3.0256e+11 4.27656e+11 2.90777e+11 2.79624e+11 2.69148e+11 2.62096e+11 2.47447e+11 2.46193e+11 2.37049e+11 2.29086e+11 2.1942e+11 2.11746e+11
threshold=87912.087912087925 252285.71428571432 42692.307692307702 55.950833515000006 141604.39560439563 61302.197802197807 24637.362637362643 113109.89010989011 397500.00000000006 177840.65934065936 70543.956043956059 316500.00000000006 51142.857142857152 8500.0000000000018 34593.406593406602 855500.00000000012 1.0000000180025095e-35 7500.0000000000009 41500.000000000007 133500.00000000003 14615.384615384619 385500.00000000006 191500.00000000003 29500.000000000004 461500.00000000006 676433.00000000012 400000.00000000006 98329.670329670349 125928.57142857143 1.0000000180025095e-35
decision_type=2 2 2 2 2 2 2 2 10 2 2 2 2 2 2 8 2 2 2 10 2 10 8 2 10 2 8 2 8 8
left_child=2 4 6 8 7 12 20 23 11 29 -7 25 16 -12 17 -5 -4 -8 19 -9 -1 -10 -11 -2 -23 -3 -13 -25 -20 -6
right_child=1 3 5 15 9 10 14 18 21 22 13 26 -14 -15 -16 -17 -18 -19 28 -21 -22 24 -24 27 -26 -27 -28 -29 -30 -31
leaf_value=52152.15788283608 64628.410159617524 78307.89271759773 58044.135438544057 120318.31170848315 58954.857508334338 57697.412919054848 55517.767089619178 71203.95777691486 89189.143035424437 68630.168784961759 62296.099715158976 83396.285611012907 56723.630307769337 58765.442343974959 54994.094077786824 136124.2801980665 55700.736435402534 53891.537664908181 62655.980946841388 57335.5716191393 53036.182785864075 111299.14269806648 72248.180994863738 60333.070968776949 96735.571269495063 66759.976568509184 95274.857220945938 61537.176848961586 64244.715831294576 66808.419086090944
leaf_weight=7503 191 80 651 24 35 9577 1359 108 22 312 460 42 14762 9544 12139 37 13318 9438 1559 28 7381 20 603 3549 28 24 28 2848 1965 1795
leaf_count=7503 191 80 651 24 35 9577 1359 108 22 312 460 42 14762 9544 12139 37 13318 9438 1559 28 7381 20 603 3549 28 24 28 2848 1965 1795
internal_value=56765.7 63976.7 55652.4 94617 63257.4 57108.9 53791.9 61957.5 85794.9 68110.3 58326 80673.6 56279.4 58927.8 54571.4 129906 55809.9 54096.2 63720.5 68348.7 52590.5 98524.9 71014.5 60978.1 102804 75643 88147.7 60869.1 63541.9 66658.2
internal_weight=0 13298 86132 305 12993 48312 37820 10248 244 2745 19581 174 28731 10004 22936 61 13969 10797 3660 136 14884 70 915 6588 48 104 70 6397 3524 1830
internal_count=99430 13298 86132 305 12993 48312 37820 10248 244 2745 19581 174 28731 10004 22936 61 13969 10797 3660 136 14884 70 915 6588 48 104 70 6397 3524 1830
is_linear=0
shrinkage=1


Tree=1
num_leaves=31
num_cat=0
split_feature=39 39 39 39 4 39 39 39 20 39 1 39 1 39 39 1 39 22 1 1 7 11 12 1 39 21 1 3 1 11
split_gain=6.4801e+13 2.4741e+13 1.69911e+13 8.23196e+12 7.69116e+12 3.3939e+12 2.44574e+12 1.92068e+12 1.28848e+12 1.00052e+12 5.29926e+11 5.01653e+11 4.87783e+11 4.37821e+11 4.02267e+11 3.67729e+11 3.45868e+11 3.35628e+11 3.13046e+11 2.68279e+11 2.53316e+11 2.26923e+11 2.21166e+11 2.12541e+11 1.92498e+11 1.83272e+11 2.02275e+11 1.78129e+11 1.67597e+11 1.81941e+11
threshold=82285.714285714304 252285.71428571432 41016.483516483524 125153.84615384617 55.950833515000006 58456.043956043963 23291.208791208792 154879.12087912092 397500.00000000006 102758.24175824177 316500.00000000006 68945.054945054959 1.0000000180025095e-35 50527.472527472535 200807.69230769234 17500.000000000004 31346.153846153855 800500.00000000012 23500.000000000004 8500.0000000000018 -8499.9999999999982 243500.00000000003 422500.00000000006 4500.0000000000009 13796.703296703299 146500.00000000003 57500.000000000007 37.969687480000012 3500.0000000000005 4500.0000000000009
decision_type=2 2 2 2 2 2 2 2 10 2 2 2 2 2 2 2 2 10 2 2 10 8 8 2 2 8 2 2 2 8
left_child=2 3 6 9 8 12 24 -5 10 15 21 -7 -4 -14 25 -2 23 -6 -11 27 -10 -3 -12 -8 -1 -9 -27 -13 29 -18
right_child=1 4 5 7 17 11 16 14 20 18 22 19 13 -15 -16 -17 28 -19 -20 -21 -22 -23 -24 -25 -26 26 -28 -29 -30 -31
leaf_value=-4202.762640320504 7118.1146859228093 7971.3887784090912 1550.8927933504185 7197.9626354958236 72007.184288194447 664.00236099283347 -1326.790551071578 8003.9534969151573 31213.416530539773 10353.571171313262 24183.694828464675 5543.0780026807852 -1045.4445211035456 -235.85386124329113 14695.62029072746 3020.6072416548063 -2467.8845492692221 56924.707125000008 5007.0083314442318 1549.9551059125993 43264.411655405413 19409.053220274389 36025.670052083333 -2811.3246886190418 -3459.4659098401098 21139.946611328127 11005.62480506572 575.13084842642559 -1881.1096933899557 589.42694046298664
leaf_weight=6649 226 22 1008 2745 36 11773 1114 214 33 113 46 282 15190 11923 305 7094 294 25 3547 8161 37 82 24 7182 7320 20 1291 97 12001 576
leaf_count=6649 226 22 1008 2745 36 11773 1114 214 33 113 46 282 15190 11923 305 7094 294 25 3547 8161 37 82 24 7182 7320 20 1291 97 12001 576
internal_value=0 5860.11 -1112.14 5307.05 34066.2 102.332 -2786.25 8870.92 26126.2 3822.1 21517.1 1087.26 -609.121 -689.425 11380.4 3147.11 -2108.48 65825.8 5172.08 1670.74 37583.2 16989.5 28243.8 -2611.98 -3813.26 10717.3 11160.2 4271.6 -1783.95 -443.733
internal_weight=0 15860 83570 15555 305 48434 35136 4575 244 10980 174 20313 28121 27113 1830 7320 21167 61 3660 8540 70 104 70 8296 13969 1525 1311 379 12871 870
internal_count=99430 15860 83570 15555 305 48434 35136 4575 244 10980 174 20313 28121 27113 1830 7320 21167 61 3660 8540 70 104 70 8296 13969 1525 1311 379 12871 870
is_linear=0
shrinkage=0.1


Tree=2
num_leaves=31
num_cat=0
split_feature=39 39 39 4 39 39 39 20 14 39 39 1 1 6 39 39 34 21 39 14 41 1 12 1 1 26 41 12 28 1
split_gain=5.26097e+13 1.90735e+13 1.55895e+13 6.22984e+12 5.22659e+12 2.99996e+12 2.68378e+12 1.04367e+12 9.44479e+11 9.3105e+11 4.90605e+11 4.2924e+11 3.77314e+11 3.62274e+11 3.57132e+11 3.09772e+11 2.86187e+11 2.83115e+11 2.56701e+11 2.30474e+11 2.06539e+11 2.04437e+11 2.00377e+11 1.93111e+11 1.91764e+11 3.36536e+11 2.00178e+11 1.79145e+11 1.78585e+11 1.76088e+11
threshold=89252.747252747271 252285.71428571432 45532.967032967041 55.950833515000006 135483.51648351652 27620.879120879123 65181.318681318684 397500.00000000006 184500.00000000003 113109.89010989011 56021.97802197803 316500.00000000006 8500.0000000000018 1.5000000000000002 18461.538461538468 36390.109890109896 728000.00000000012 137500.00000000003 77708.791208791212 58500.000000000007 38785.714285714297 7500.0000000000009 240500.00000000003 29500.000000000004 41500.000000000007 154500.00000000003 159357.14285714287 422500.00000000006 306000.00000000006 3500.0000000000005
decision_type=2 2 2 2 2 2 2 10 10 2 2 2 2 2 2 2 10 8 2 10 8 2 8 2 2 10 10 8 10 2
left_child=2 4 5 7 9 14 10 11 17 23 -4 22 20 -9 -1 21 -5 19 -14 -6 -8 -7 -3 -2 25 -11 -26 28 -13 -17
right_child=1 3 6 16 8 15 12 13 -10 24 -12 27 18 -15 -16 29 -18 -19 -20 -21 -22 -23 -24 -25 26 -27 -28 -29 -30 -31
leaf_value=-3591.123229136163 6774.2282999909694 6564.1545014880949 -454.11120610089466 64951.190625000003 -1135.5524216037327 -666.65991437394007 -2568.4863458806822 44813.905208333337 11749.599318799786 12497.43887647546 386.76004539678684 14966.967968750001 1104.8008483543076 29115.33451052296 -2672.774727455957 327.35697087516564 51023.830437500001 8443.1972933844299 1985.9832138070242 6392.0704281926446 4555.5063578841427 -2107.976272313635 17498.485976327185 3385.7563941631424 5244.035293705645 726.26428740530309 9423.1660615808833 32423.101660156251 27475.944937500004 -1316.491122024504
leaf_weight=10980 173 21 17568 36 45 1101 44 21 867 92 11468 21 8925 49 6893 684 25 1715 5251 423 542 9269 83 6049 3111 33 119 24 25 13773
leaf_count=10980 173 21 17568 36 45 1101 44 21 867 92 11468 21 8925 49 6893 684 25 1715 5251 423 542 9269 83 6049 3111 33 119 24 25 13773
internal_value=0 5949.01 -889.414 30659.6 5352.13 -2249.06 436.147 23513.6 8957.29 4204 -122.002 19365.4 1533.99 33824.9 -3236.95 -1537.88 59243.3 7848.3 1431.2 5668.26 4020.6 -1954.95 15290.6 3479.97 5546.73 9389.85 5398 25419.4 21765.3 -1238.72
internal_weight=0 12932 86498 305 12627 42700 43798 244 3050 9577 29036 174 14762 70 17873 24827 61 2183 14176 468 586 10370 104 6222 3355 125 3230 70 46 14457
internal_count=99430 12932 86498 305 12627 42700 43798 244 3050 9577 29036 174 14762 70 17873 24827 61 2183 14176 468 586 10370 104 6222 3355 125 3230 70 46 14457
is_linear=0
shrinkage=0.1


Tree=3
num_leaves=31
num_cat=0
split_feature=39 39 39 39 20 39 39 9 39 31 2 41 39 39 28 13 39 39 39 41 28 42 39 28 28 13 39 16 29 13
split_gain=4.26139e+13 1.54495e+13 1.26628e+13 4.30639e+12 3.4235e+12 2.74285e+12 1.84236e+12 1.70405e+12 1.11113e+12 1.07815e+12 8.13029e+11 4.62256e+11 4.34502e+11 3.38029e+11 3.34117e+11 2.47419e+11 2.10412e+11 2.00811e+11 2.00142e+11 1.44623e+11 1.36863e+11 1.36258e+11 1.06862e+11 1.0075e+11 9.40693e+10 8.7796e+10 8.61433e+10 7.99191e+10 7.62119e+10 9.88232e+10
threshold=89252.747252747271 252285.71428571432 42313.186813186818 149879.12087912092 550000.00000000012 61302.197802197807 25796.703296703297 575500.00000000012 117791.20879120879 796500.00000000012 1158500.0000000002 76500.000000000015 177840.65934065936 51708.791208791219 306000.00000000006 225500.00000000003 32214.285714285721 101494.50549450552 15302.197802197805 142071.42857142861 193500.00000000003 3500.0000000000005 73109.890109890126 87500.000000000015 214500.00000000003 144500.00000000003 200807.69230769234 99500.000000000015 55500.000000000007 140500.00000000003
decision_type=2 2 2 2 10 2 2 10 2 8 2 10 2 2 10 8 2 2 2 10 8 8 2 8 10 10 2 8 8 10
left_child=2 3 6 8 7 13 18 10 17 -6 14 22 -5 -4 15 -3 -8 -2 -1 23 -14 -15 -7 -10 27 -18 -22 -21 29 -25
right_child=1 4 5 12 9 11 16 -9 19 -11 -12 -13 20 21 -16 -17 25 -19 -20 24 26 -23 -24 28 -26 -27 -28 -29 -30 -31
leaf_value=-3364.2338480458493 2791.5541046315029 3889.6155691964286 -681.20513127836148 7675.3600633264768 36058.623353794646 696.17768484617636 -2022.0898792797111 48500.963552989131 2686.9403700284433 63809.38258928572 30138.147696659482 1891.8641845291961 8535.5965595603466 -3920.9119460365991 24009.534438590119 15789.576273287261 -1373.7461236098145 3879.9547463475683 -2650.9903884402556 3350.492828204181 10360.279178607883 26.835215585068603 1365.909485997935 6188.5874330873849 12584.698677884617 5256.4562182617192 12669.269458725874 6823.5934354013734 5157.470614198287 14417.329311523439
leaf_weight=7930 4026 21 15555 1220 28 10885 7381 23 163 28 58 6012 245 88 43 104 14254 2928 7808 74 398 13515 3050 54 26 20 272 633 2568 20
leaf_count=7930 4026 21 15555 1220 28 10885 7381 23 163 28 58 6012 245 88 43 104 14254 2928 7808 74 398 13515 3050 54 26 20 272 633 2568 20
internal_value=0 5354.11 -800.473 4816.92 27593.6 255.357 -2187 22569.2 3983.86 49934 19930.2 1158.96 8910.82 -362.8 16406 13790.4 -1588.61 3249.83 -3010.38 5426.61 10558.1 1.2966 842.764 5099.78 6677.32 -1364.46 11297.7 6460.07 5248.64 8412.57
internal_weight=0 12932 86498 12627 305 49105 37393 249 10492 56 226 19947 2135 29158 168 125 21655 6954 15738 3538 915 13603 13935 2805 733 14274 670 707 2642 74
internal_count=99430 12932 86498 12627 305 49105 37393 249 10492 56 226 19947 2135 29158 168 125 21655 6954 15738 3538 915 13603 13935 2805 733 14274 670 707 2642 74
is_linear=0
shrinkage=0.1


Tree=4
num_leaves=31
num_cat=0
split_feature=39 39 39 39 4 39 39 39 20 39 1 39 1 1 21 1 26 21 1 39 39 21 1 10 5 41 9 15 41 1
split_gain=3.4584e+13 1.31368e+13 9.11592e+12 4.40179e+12 4.19758e+12 1.87677e+12 1.23374e+12 1.10837e+12 6.89104e+11 5.42637e+11 4.16106e+11 3.1947e+11 3.00329e+11 2.50402e+11 2.41271e+11 2.35708e+11 2.22398e+11 2.10426e+11 2.09717e+11 2.08009e+11 2.04134e+11 1.76726e+11 1.76551e+11 1.74577e+11 1.61175e+11 1.40515e+11 1.3962e+11 1.3001e+11 1.28131e+11 1.73937e+11
threshold=82285.714285714304 252285.71428571432 40428.571428571442 125153.84615384617 55.950833515000006 57296.703296703301 22428.571428571431 158895.60439560443 397500.00000000006 101494.50549450552 1.0000000180025095e-35 67950.549450549457 316500.00000000006 17500.000000000004 800500.00000000012 29500.000000000004 492500.00000000006 214500.00000000003 3500.0000000000005 28939.560439560442 48697.802197802208 115500.00000000001 8500.0000000000018 238500.00000000003 5.5000000000000009 10357.142857142861 77500.000000000015 68500.000000000015 14642.857142857143 21500.000000000004
decision_type=2 2 2 2 2 2 2 2 10 2 2 2 2 2 8 2 8 10 2 2 2 8 2 10 2 8 10 10 8 2
left_child=2 3 6 9 8 10 -1 21 12 13 -4 28 23 -2 -6 24 -10 -9 25 -20 -12 -5 27 -3 -11 -8 -26 -13 -7 -30
right_child=1 4 5 7 14 11 18 17 16 15 20 22 -14 -15 -16 -17 -18 -19 19 -21 -22 -23 -24 -25 26 -27 -28 -29 29 -31
leaf_value=-2807.1848413427374 5554.0794662954568 3792.8213671875001 1501.1155455279018 3611.2085950156761 40213.217730978264 -3545.3238055193865 -3972.4790531517096 8162.6995444754029 33147.170404411765 674.28674977620449 -838.09499412777973 1555.1403128487725 20661.799030412949 2148.0819284019985 53189.851151315786 3580.2916719014911 21869.399294704865 11325.489255487351 -2228.6304348527347 -1480.2133359083825 -278.15920313440535 5710.4595989963573 1097.2704738484158 14188.561263020834 17272.338894958499 -401.46817066174492 7919.0914186115515 5190.8680732025969 2666.01437286288 383.2989536735613
leaf_weight=13542 223 20 1002 475 23 81 117 1273 34 24 13878 210 70 6731 38 3903 36 252 5105 13625 12265 2575 8877 84 20 1893 79 185 343 12447
leaf_count=13542 223 20 1002 475 23 81 117 1273 34 24 13878 210 70 6731 38 3903 36 252 5105 13625 12265 2575 8877 84 20 1893 79 185 343 12447
internal_value=0 4281.07 -812.466 3878.07 24834.2 58.5734 -2064.78 6484.13 18968.5 2792.21 -498.751 741.794 15597.8 2257.31 48297 3716.12 27347.2 8685.34 -1580.03 -1684.2 -575.401 5383.53 1189.32 12189.4 8026.32 -609.333 9808.64 3257.95 419.407 444.516
internal_weight=0 15860 83570 15555 305 49288 34282 4575 244 10980 27145 22143 174 6954 61 4026 70 1525 20740 18730 26143 3050 9272 104 123 2010 99 395 12871 12790
internal_count=99430 15860 83570 15555 305 49288 34282 4575 244 10980 27145 22143 174 6954 61 4026 70 1525 20740 18730 26143 3050 9272 104 123 2010 99 395 12871 12790
is_linear=0
shrinkage=0.1


Tree=5
num_leaves=31
num_cat=0
split_feature=39 39 39 39 1 39 20 39 39 1 39 12 39 39 1 1 21 39 13 41 41 28 1 1 31 7 21 41 41 1
split_gain=2.8069e+13 1.01268e+13 8.34724e+12 2.85309e+12 2.42671e+12 1.69129e+12 1.39766e+12 1.36275e+12 7.35214e+11 7.04601e+11 2.9693e+11 2.80838e+11 2.64227e+11 2.42507e+11 2.34473e+11 2.32217e+11 2.15301e+11 1.64343e+11 1.61021e+11 1.53378e+11 1.49524e+11 1.42406e+11 1.40107e+11 1.32459e+11 2.76012e+11 1.52654e+11 1.29963e+11 1.27843e+11 1.25282e+11 1.21068e+11
threshold=89252.747252747271 252285.71428571432 45978.021978021985 149879.12087912092 672500.00000000012 28939.560439560442 550000.00000000012 65763.736263736282 113109.89010989011 373000.00000000006 177840.65934065936 233500.00000000003 16978.021978021981 56021.97802197803 1.0000000180025095e-35 8500.0000000000018 860000.00000000012 37000.000000000007 400000.00000000006 81642.857142857145 38785.714285714297 121500.00000000001 1.0000000180025095e-35 38500.000000000007 137500.00000000003 -64499.999999999993 200500.00000000003 154785.71428571432 19928.571428571431 29500.000000000004
decision_type=2 2 2 2 2 2 10 2 2 2 2 8 2 2 2 2 8 2 8 10 8 8 2 2 10 8 8 10 8 2
left_child=2 3 5 8 6 12 9 13 29 11 -5 -3 -1 -4 28 20 -6 -16 -11 -17 -9 -10 -14 24 25 -23 -12 -25 -7 -2
right_child=1 4 7 10 16 14 -8 15 21 18 26 -13 22 -15 17 19 -18 -19 -20 -21 -22 23 -24 27 -26 -27 -28 -29 -30 -31
leaf_value=-2681.4866439567627 5147.260747303164 746.84990478515635 -305.76437650869309 6221.3746934634355 36034.608078835234 -2772.0183159216126 41013.485644531254 -2491.1526500355117 3280.7550515765961 15552.507634943184 7174.2902934895828 13531.160619716959 -955.01357520781369 287.67148292106975 -1482.4568426942244 868.92173810912266 49598.684312500001 -929.06820927342835 25377.368687726452 1649.965826573037 3575.9110190378924 3125.258748372396 -2089.7285748394188 4277.4753158454896 -2071.3399626358696 12273.597599069697 9597.5937072753914 6802.4019120110406 431.29551686703121 2464.293681167575
leaf_weight=9699 173 20 16470 1220 22 134 25 44 1131 22 375 122 1245 11834 8698 10519 25 14011 69 3304 529 24 8637 2800 23 76 540 216 1374 6049
leaf_count=9699 173 20 16470 1220 22 134 25 44 1131 22 375 122 1245 11834 8698 10519 25 14011 69 3304 529 24 8637 2800 23 76 540 216 1374 6049
internal_value=0 4345.35 -649.657 3910.44 22350.8 -1619.62 18543.7 345.248 3232.36 16132.8 7242.69 11730.6 -2310.69 -57.6468 -1060.84 1137.38 43249.5 -1141.03 23002.1 1055.61 3110.03 4242.84 -1946.77 4589.49 7806.17 10078 8604.44 4458.31 146.651 2538.89
internal_weight=0 12932 86498 12627 305 43798 258 42700 10492 233 2135 142 19581 28304 24217 14396 47 22709 91 13823 573 4270 9882 3139 123 100 915 3016 1508 6222
internal_count=99430 12932 86498 12627 305 43798 258 42700 10492 233 2135 142 19581 28304 24217 14396 47 22709 91 13823 573 4270 9882 3139 123 100 915 3016 1508 6222
is_linear=0
shrinkage=0.1


Tree=6
num_leaves=31
num_cat=0
split_feature=42 1 41 41 41 3 41 1 41 41 41 1 1 25 42 10 31 42 42 1 21 21 1 1 21 35 42 12 21 1
split_gain=1.97289e+13 8.03228e+12 6.05774e+12 3.23782e+12 1.80224e+12 1.05712e+12 7.41742e+11 6.81178e+11 6.31332e+11 6.27884e+11 3.78751e+11 3.47034e+11 4.42482e+11 3.32822e+11 3.25451e+11 3.01021e+11 2.84e+11 2.8399e+11 2.62441e+11 2.60071e+11 2.51756e+11 2.36252e+11 1.66501e+11 1.38061e+11 1.37209e+11 1.32082e+11 1.27054e+11 1.21943e+11 1.20827e+11 1.18129e+11
threshold=89166.666666666672 422500.00000000006 39928.571428571435 142071.42857142861 61214.285714285717 37.547404760000006 213571.42857142861 201500.00000000003 24071.428571428576 109214.28571428572 78214.285714285725 1.0000000180025095e-35 52500.000000000007 163500.00000000003 74500.000000000015 243500.00000000003 796500.00000000012 34500.000000000007 27500.000000000004 117500.00000000001 178500.00000000003 297500.00000000006 8500.0000000000018 139500.00000000003 83500.000000000015 26500.000000000004 178833.33333333334 43500.000000000007 103500.00000000001 1.0000000180025095e-35
decision_type=10 2 8 10 10 2 10 2 10 8 10 2 2 10 8 8 8 10 10 2 10 10 2 2 10 8 10 10 10 2
left_child=2 3 8 9 7 16 20 11 13 24 18 27 17 -1 -14 -9 -3 -13 -6 -16 25 -8 -11 -24 -2 -5 -25 -4 -12 -10
right_child=1 5 4 6 10 -7 21 15 29 22 28 12 14 -15 19 -17 -18 -19 -20 -21 -22 -23 23 26 -26 -27 -28 -29 -30 -31
leaf_value=-2225.9465069772777 1214.0502858667517 28799.927669270834 377.06644905522717 -1220.9413597106934 8904.7393027857743 20133.247900390626 9698.2147682705818 1813.0439740216291 -394.55054235326787 6860.6722476240529 1434.1476666272761 -1492.4940045461083 -221.77657388656098 10683.586101684572 614.11486639003977 11987.80500217014 43290.431393914478 -537.15129339551856 582.40475076413452 3586.9740960679615 7365.1231392388063 16864.980505870473 3036.6799632926613 4016.1507388579321 2239.0835358351342 5269.0265500311807 7921.5751178243881 2165.1182940196991 2852.8524932448927 -1363.5291046558075
leaf_weight=13594 2073 21 944 32 38 73 281 54 1377 138 4110 3766 12537 20 2530 63 38 17907 13266 333 745 55 3450 881 3529 1565 92 640 703 14575
leaf_count=13594 2073 21 944 32 38 73 281 54 1377 138 4110 3766 12537 20 2530 63 38 17907 13266 333 745 55 3450 881 3529 1565 92 640 703 14575
internal_value=0 3636.41 -545.648 3384.12 57.7857 28178.5 6477.5 -326.945 -1706.78 2569 881.187 -350.004 -411.937 -2206.98 -2.0935 7291.76 38132.8 -703.156 606.176 959.893 5847.13 10871.3 3440.11 3333.38 1859.77 5138.98 4385.42 1099.51 1641.37 -1279.89
internal_weight=0 12973 86457 12841 56891 132 2678 38774 29566 10163 18117 38657 37073 13614 15400 117 59 21673 13304 2863 2342 336 4561 4423 5602 1597 973 1584 4813 15952
internal_count=99430 12973 86457 12841 56891 132 2678 38774 29566 10163 18117 38657 37073 13614 15400 117 59 21673 13304 2863 2342 336 4561 4423 5602 1597 973 1584 4813 15952
is_linear=0
shrinkage=0.1


Tree=7
num_leaves=31
num_cat=0
split_feature=39 39 39 4 39 39 39 22 3 41 42 22 1 39 1 42 1 1 1 39 39 1 33 11 41 41 8 1 39 41
split_gain=1.86788e+13 6.47947e+12 6.10422e+12 2.29323e+12 1.60984e+12 1.18539e+12 1.0812e+12 4.6734e+11 4.84694e+11 3.93101e+11 2.71076e+11 2.27109e+11 2.01632e+11 1.99692e+11 1.86273e+11 3.91719e+11 1.80121e+11 1.69062e+11 1.68549e+11 1.55472e+11 1.48175e+11 1.31593e+11 2.76117e+11 1.9294e+11 1.36376e+11 1.20783e+11 1.13992e+11 1.06808e+11 9.80975e+10 9.5328e+10
threshold=93934.065934065948 252285.71428571432 46351.648351648357 55.950833515000006 154879.12087912092 29296.703296703301 65763.736263736282 156500.00000000003 37.97622848000001 123785.7142857143 205833.33333333334 800500.00000000012 8500.0000000000018 13247.252747252749 11500.000000000002 33166.666666666679 199500.00000000003 1.0000000180025095e-35 2500.0000000000005 54247.252747252758 78873.626373626394 27500.000000000004 165500.00000000003 43500.000000000007 93500.000000000015 38785.714285714297 73500.000000000015 1.0000000180025095e-35 38120.87912087913 14642.857142857143
decision_type=2 2 2 2 2 2 2 8 2 10 10 10 2 2 2 8 2 2 2 2 2 2 10 8 8 8 10 2 2 8
left_child=2 4 5 7 9 13 14 -3 10 21 -9 -5 25 -1 15 -4 18 29 -6 -16 -14 22 23 -2 -25 -8 28 -15 -19 -7
right_child=1 3 6 11 16 17 12 8 -10 -11 -12 -13 20 27 19 -17 -18 26 -20 -21 -22 -23 -24 24 -26 -27 -28 -29 -30 -31
leaf_value=-2351.0023678992043 13549.910079752604 28550.6298828125 -2608.7687273477773 40666.752734375004 13298.632588252316 -2684.2150317610981 -2175.2451957370922 -310.35689538043482 20200.468567494878 3925.9864375141801 11403.803040945872 28259.932015625 675.05068495375588 -892.36861622529307 -332.13325461269187 2456.3115019517631 7612.0697425737781 -1100.7645388535111 5310.630599131674 152.13830106017937 1302.5412614696957 2392.4911216507799 -5409.6528277853267 -1669.2750327216254 6135.8617440027137 3147.5884449227979 -2054.7915231145466 -1768.3315954502091 -678.56881165840855 414.48581291908442
leaf_weight=6222 30 20 194 36 27 107 46 23 61 2667 140 25 9257 1571 12560 717 584 9957 1219 14040 6341 6089 23 27 131 582 839 12215 12304 1376
leaf_count=6222 30 20 194 36 27 107 46 23 61 2667 140 25 9257 1571 12560 717 584 9957 1219 14040 6341 6089 23 27 131 582 839 12215 12304 1376
internal_value=0 3866.02 -485.923 18239.8 3459.98 -1309.24 353.47 13904.2 12596.5 2908.36 9750.88 35582 1000.87 -1880.75 -28.3704 1377.69 6162.93 -844.09 5483.73 -76.5253 930.142 2477.57 4932.71 6198 4802.07 2757.7 -910.537 -1668.51 -867.41 190.911
internal_weight=0 11102 88328 305 10797 44591 43737 244 224 8967 163 61 16226 20008 27511 911 1830 24583 1246 26600 15598 6300 211 188 158 628 23100 13786 22261 1483
internal_count=99430 11102 88328 305 10797 44591 43737 244 224 8967 163 61 16226 20008 27511 911 1830 24583 1246 26600 15598 6300 211 188 158 628 23100 13786 22261 1483
is_linear=0
shrinkage=0.1


Tree=8
num_leaves=31
num_cat=0
split_feature=41 41 42 41 4 41 42 41 21 21 11 25 9 13 41 18 2 9 13 28 22 27 11 28 41 18 40 28 28 21
split_gain=1.29597e+13 4.87891e+12 3.9799e+12 1.7811e+12 1.29287e+12 8.55172e+11 7.22971e+11 5.61867e+11 3.51294e+11 3.02258e+11 2.80952e+11 2.39209e+11 2.35136e+11 2.27142e+11 2.00997e+11 1.79899e+11 1.71396e+11 2.18647e+11 1.59644e+11 1.5099e+11 1.39084e+11 1.24775e+11 1.19168e+11 1.14642e+11 1.11118e+11 1.07023e+11 1.06223e+11 9.88309e+10 9.53354e+10 9.50634e+10
threshold=85214.285714285725 265285.71428571438 45166.666666666679 138785.71428571432 55.950833515000006 30500.000000000004 152166.66666666672 57928.571428571435 112500.00000000001 184500.00000000003 289500.00000000006 172500.00000000003 51500.000000000007 400000.00000000006 14642.857142857143 127500.00000000001 696500.00000000012 187500.00000000003 189500.00000000003 252500.00000000003 800500.00000000012 168500.00000000003 75500.000000000015 205500.00000000003 45928.571428571435 489000.00000000006 56250.000000000007 83500.000000000015 126500.00000000001 85500.000000000015
decision_type=10 10 8 10 2 10 10 8 10 10 10 10 8 10 8 8 2 10 10 8 10 10 10 8 10 10 10 8 10 8
left_child=2 3 5 8 13 11 7 -4 27 29 -8 14 15 19 -1 -9 22 -18 21 -3 -6 24 -14 -11 -7 -15 -16 -2 -10 -5
right_child=1 4 6 9 20 18 10 12 28 23 -12 -13 16 25 26 -17 17 -19 -20 -21 -22 -23 -24 -25 -26 -27 -28 -29 -30 -31
leaf_value=-2054.6605271891272 907.18989087722207 2763.0315768155187 -291.69457816461545 1246.8260270661001 35612.043750000004 -785.53552807384472 4703.3946864905383 594.59998362645797 2572.4804124672728 5258.7955281735722 15671.370449942129 9329.1689306640619 364.01556588493543 20359.100458559784 -1414.1604042516265 -762.06165093015034 1618.9530037865393 12180.581062316895 8255.0102148437491 12143.30948455028 25433.9387421875 7210.0609651184095 884.51276673858104 7652.9645844158258 -36.156029072939774 12602.15561018319 5109.7482851562499 1845.3340163532555 3796.2005611594741 4379.6028099357618
leaf_weight=6973 1384 22 17275 102 29 15997 173 1550 1986 381 27 20 17531 46 14724 2646 983 20 20 78 25 20 5872 421 2258 29 25 5953 937 1923
leaf_count=6973 1384 22 17275 102 29 15997 173 1550 1986 381 27 20 17531 46 14724 2646 983 20 20 78 25 20 5872 421 2258 29 25 5953 937 1923
internal_value=0 2903.27 -448.94 2650.07 17373.6 -1178.25 184.766 158.612 2037.7 4872.53 6184.07 -1602.19 430.588 13199.7 -1612.26 -260.912 549.474 1829.55 -674.422 10079.6 30900 -684.194 494.612 6515.59 -692.843 17359.7 -1403.1 1668.37 2964.76 4221.8
internal_weight=0 13316 86114 13087 229 40037 46077 45877 10260 2827 200 21742 28602 175 21722 4196 24406 1003 18295 100 54 18275 23403 802 18255 75 14749 7337 2923 2025
internal_count=99430 13316 86114 13087 229 40037 46077 45877 10260 2827 200 21742 28602 175 21722 4196 24406 1003 18295 100 54 18275 23403 802 18255 75 14749 7337 2923 2025
is_linear=0
shrinkage=0.1


Tree=9
num_leaves=31
num_cat=0
split_feature=39 39 39 4 39 39 39 20 2 41 1 1 34 21 1 39 8 1 42 39 39 15 2 35 1 35 39 23 28 0
split_gain=1.25208e+13 4.29383e+12 4.15832e+12 1.54233e+12 1.04685e+12 8.76464e+11 6.82135e+11 3.43458e+11 3.10479e+11 2.56025e+11 2.20891e+11 2.10635e+11 1.77084e+11 1.49235e+11 1.40786e+11 1.39205e+11 1.22903e+11 1.15835e+11 2.7557e+11 1.1765e+11 1.07468e+11 1.06845e+11 1.05674e+11 1.26619e+11 1.01926e+11 1.00011e+11 9.73245e+10 8.86711e+10 9.84075e+10 8.79308e+10
threshold=94730.769230769234 252285.71428571432 47609.890109890119 55.950833515000006 154879.12087912092 28939.560439560442 68505.494505494527 517000.00000000006 1158500.0000000002 121785.7142857143 8500.0000000000018 180500.00000000003 728000.00000000012 154500.00000000003 1.0000000180025095e-35 19703.29670329671 146500.00000000003 22500.000000000004 33166.666666666679 57532.967032967041 200807.69230769234 57500.000000000007 388500.00000000006 40500.000000000007 70500.000000000015 89500.000000000015 37000.000000000007 233500.00000000003 243500.00000000003 619161.50000000012
decision_type=2 2 2 2 2 2 2 10 2 8 2 2 10 8 2 2 10 2 8 2 2 8 2 10 2 10 2 8 8 2
left_child=2 4 5 7 9 15 17 8 11 -2 21 -3 -5 -6 29 -1 25 18 22 -19 24 -8 23 -4 -15 -12 -16 -13 -29 -7
right_child=1 3 6 12 13 14 10 -9 -10 -11 16 27 -14 20 26 -17 -18 19 -20 -21 -22 -23 -24 -25 -26 -27 -28 28 -30 -31
leaf_value=-1773.6724408136092 1925.3293894659412 -1531.3708789062503 -1596.6200252757353 33633.005935329864 2943.9142309990875 -1606.8194572622917 467.34913093193427 23591.229575892859 16814.906119791667 3021.4665308961157 754.46127619601566 15593.6473828125 22677.468327148439 12121.209942321779 -999.09724520098121 -1232.9902302008722 -981.36071452265207 -186.64300363116033 1996.7188146776728 233.27573335527438 7169.4367132317539 3626.4295287537748 -3592.3139405980605 7629.539299665179 4924.7880785836287 1523.5019708223272 -587.86035819239248 1989.6944964599611 9620.6798989392209 554.27415565708895
leaf_weight=11407 4709 20 51 36 283 219 143 21 54 3892 11098 20 25 20 8698 8174 368 14382 771 12446 292 426 145 21 1235 1995 17008 20 109 1342
leaf_count=11407 4709 20 51 36 283 219 143 21 54 3892 11098 20 25 20 8698 8174 368 14382 771 12446 292 426 145 21 1235 1995 17008 20 109 1342
internal_value=0 3225.4 -390.42 14920.8 2883.43 -1037.55 334.067 11365.2 10213.9 2421.34 902.562 8104.7 29143 5055.27 -671.014 -1547.97 820.983 47.3263 1110.71 8.16498 5441.51 2832.5 -2037.29 1094.34 5039.47 871.641 -727.008 9398.13 8437.58 251.084
internal_weight=0 10736 88694 305 10431 46848 41846 244 223 8601 14030 169 61 1830 27267 19581 13461 27816 988 26828 1547 569 217 72 1255 13093 25706 149 129 1561
internal_count=99430 10736 88694 305 10431 46848 41846 244 223 8601 14030 169 61 1830 27267 19581 13461 27816 988 26828 1547 569 217 72 1255 13093 25706 149 129 1561
is_linear=0
shrinkage=0.1


Tree=10
num_leaves=31
num_cat=0
split_feature=39 39 39 39 20 31 9 39 39 39 2 39 26 7 21 40 28 41 41 15 13 21 13 8 39 34 15 13 40 41
split_gain=1.02016e+13 3.91089e+12 2.55014e+12 1.46396e+12 9.32303e+11 6.83583e+11 4.5311e+11 4.50286e+11 3.85366e+11 3.4937e+11 2.63354e+11 2.12216e+11 1.73149e+11 1.55877e+11 1.32069e+11 1.07244e+11 9.36982e+10 8.90838e+10 8.85786e+10 8.25946e+10 7.49887e+10 6.74356e+10 6.71483e+10 6.6743e+10 6.28539e+10 6.1853e+10 6.13363e+10 7.69441e+10 6.017e+10 1.08104e+11
threshold=79587.912087912104 252285.71428571432 40428.571428571442 125153.84615384617 517000.00000000006 796500.00000000012 641500.00000000012 58989.010989010996 21445.054945054948 171978.02197802201 739000.00000000012 105175.82417582419 321500.00000000006 -1.0000000180025095e-35 138500.00000000003 121683.33333333336 44500.000000000007 142071.42857142861 47928.571428571435 76500.000000000015 400000.00000000006 89500.000000000015 233500.00000000003 -293499.99999999994 10005.494505494507 284500.00000000006 1.0000000180025095e-35 136500.00000000003 32383.333333333339 10357.142857142861
decision_type=2 2 2 2 10 8 8 2 2 2 2 2 8 10 8 8 8 8 8 10 8 8 10 10 2 8 8 10 8 8
left_child=2 3 8 11 6 -6 10 18 24 14 12 21 25 -14 16 -16 -5 -11 -4 28 -12 -2 -19 -21 -1 -3 27 -10 -9 -30
right_child=1 4 7 9 5 -7 -8 19 26 17 20 -13 13 -15 15 -17 -18 22 -20 23 -22 -23 -24 -25 -26 -27 -28 -29 29 -31
leaf_value=-1956.5631764706472 845.89684823794141 6291.7258157169126 -464.10667189416773 -1568.0780801773071 14076.443471392464 34439.980981445311 24931.546708984377 5766.6927929687508 -1485.3207733262932 512.09769567445267 9843.3956670488624 2129.9186646931084 7008.6421781994059 -4907.7053456182066 10414.171930486506 3396.735295881781 2366.7598370696142 4857.445364644349 -104.00292295766374 5278.491928562974 14931.5165234375 1405.6696743192051 7122.4806256510419 762.64754940217165 -1435.7052068860139 12844.072515625001 -814.98839102999045 4751.1392233276374 -4229.9819980837265 294.84895673232222
leaf_weight=3050 3462 34 10646 64 34 32 20 20 1826 43 56 3294 21 23 22 2157 1112 1027 19061 33 60 5688 150 3980 9638 25 19748 20 53 14031
leaf_count=3050 3462 34 10646 64 34 32 20 20 1826 43 56 3294 21 23 22 2157 1112 1027 19061 33 60 5688 150 3980 9638 25 19748 20 53 14031
internal_value=0 2205.15 -465.276 2004.01 13428.7 23949.7 10523.3 6.5745 -1123.52 3533.63 9207.52 1441.65 5527.42 779.642 3006.66 3467.59 2152.62 4982.78 -233.052 399.498 12475.2 1193.87 5146.11 799.783 -1560.91 9068.14 -866.517 -1417.75 285.605 277.821
internal_weight=0 17324 82106 17019 305 66 239 47824 34282 4575 219 12444 103 44 3355 2179 1176 1220 29707 18117 116 9150 1177 4013 12688 59 21594 1846 14104 14084
internal_count=99430 17324 82106 17019 305 66 239 47824 34282 4575 219 12444 103 44 3355 2179 1176 1220 29707 18117 116 9150 1177 4013 12688 59 21594 1846 14104 14084
is_linear=0
shrinkage=0.1


Tree=11
num_leaves=31
num_cat=0
split_feature=41 41 41 14 14 11 9 4 13 15 9 14 14 14 14 14 13 26 15 42 9 11 42 23 15 28 40 7 38 14
split_gain=6.97641e+12 2.52324e+12 2.09677e+12 1.15941e+12 7.7966e+11 5.22487e+11 5.38561e+11 2.53119e+11 2.48648e+11 2.25145e+11 2.00643e+11 2.22911e+11 1.91717e+11 1.85148e+11 1.83231e+11 1.66342e+11 1.42582e+11 1.33532e+11 1.14254e+11 1.04225e+11 9.30565e+10 9.10284e+10 8.77803e+10 1.9266e+11 8.08914e+10 7.9906e+10 1.20175e+11 7.77788e+10 7.14176e+10 6.95397e+10
threshold=83785.714285714304 265285.71428571438 39642.857142857152 136500.00000000003 582500.00000000012 57500.000000000007 209500.00000000003 55.937786545000009 168500.00000000003 20500.000000000004 118500.00000000001 69500.000000000015 310000.00000000006 47500.000000000007 99500.000000000015 214500.00000000003 116500.00000000001 163500.00000000003 72500.000000000015 24833.333333333339 41500.000000000007 25500.000000000004 13166.66666666667 104500.00000000001 10500.000000000002 66500.000000000015 129616.66666666667 7500.0000000000009 110500.00000000001 70500.000000000015
decision_type=10 10 8 10 10 8 10 2 10 10 10 10 10 10 10 10 8 10 10 8 8 10 10 8 8 8 10 10 10 10
left_child=2 3 9 14 12 13 10 -8 18 17 11 19 -3 21 25 -10 -12 -1 -5 -7 -21 -4 23 -15 -24 26 -2 -14 -11 -26
right_child=1 4 5 8 -6 6 7 -9 15 28 16 -13 27 22 -16 -17 -18 -19 -20 20 -22 -23 24 -25 29 -27 -28 -29 -30 -31
leaf_value=-1355.0664746806808 6.6363977190201657 4730.6053230794269 -1198.3187210229153 1066.339196939254 23254.188459895209 5956.8470792134613 5056.4706366721166 17506.375522460938 3911.7718610887405 -790.17629465332402 -46.053820139567058 699.04822249204631 9082.7684452451504 -829.67274475097656 1805.6997641088624 6515.7182638385348 2758.2008612805521 6822.434381103516 3132.9826585592182 -514.16615404581785 142.94527972296189 -444.66274948801856 -1148.9088345970906 11759.152094726564 -79.351560152592498 1070.0182898134262 -7939.2898632812503 14239.608030985171 4454.9759108323324 620.34870270288138
leaf_weight=12664 394 60 1850 311 52 30 89 20 924 16482 270 7878 58 31 4901 334 552 20 1913 2475 16674 11985 639 20 12232 4860 20 59 26 1607
leaf_count=12664 394 60 1850 311 52 30 89 20 924 16482 270 7878 58 31 4901 334 552 20 1913 2475 16674 11985 639 20 12232 4860 20 59 26 1607
internal_value=0 2079.04 -337.482 1904.49 12489 18.8524 325.388 7340.86 3479.54 -1025.35 297.959 251.2 9326.41 -283.62 1365.49 4603.12 1837.1 -1342.17 2843.99 67.2409 58.0139 -545.441 -34.305 4107.12 -48.8935 956.412 -377.225 11683.2 -781.915 1.89841
internal_weight=0 13886 85544 13657 229 56352 27988 109 3482 29192 27879 27057 177 28364 10175 1258 822 12684 2224 19179 19149 13835 14529 51 14478 5274 414 117 16508 13839
internal_count=99430 13886 85544 13657 229 56352 27988 109 3482 29192 27879 27057 177 28364 10175 1258 822 12684 2224 19179 19149 13835 14529 51 14478 5274 414 117 16508 13839
is_linear=0
shrinkage=0.1


Tree=12
num_leaves=31
num_cat=0
split_feature=41 41 11 41 4 1 1 1 15 4 10 13 28 25 41 1 35 1 6 15 40 15 15 35 28 11 11 33 3 18
split_gain=5.65093e+12 2.06281e+12 1.68809e+12 8.80373e+11 5.66345e+11 5.62172e+11 3.41812e+11 3.44469e+11 3.17998e+11 2.92399e+11 2.29133e+11 2.05172e+11 2.05e+11 1.90724e+11 1.7055e+11 1.50087e+11 1.41977e+11 1.40237e+11 1.26551e+11 1.17009e+11 1.08433e+11 1.50414e+11 1.01198e+11 1.00344e+11 9.66796e+10 1.03025e+11 8.96814e+10 8.8002e+10 8.54441e+10 1.03262e+11
threshold=82357.142857142884 265285.71428571438 40500.000000000007 128071.42857142859 55.950833515000006 225500.00000000003 65500.000000000007 3500.0000000000005 28500.000000000004 55.937786545000009 107500.00000000001 161500.00000000003 175500.00000000003 185500.00000000003 49642.857142857152 11500.000000000002 106500.00000000001 134500.00000000003 2.5000000000000004 319000.00000000006 82250.000000000015 110500.00000000001 52500.000000000007 215500.00000000003 62500.000000000007 175500.00000000003 18500.000000000004 140500.00000000003 37.826738005000003 147500.00000000003
decision_type=10 10 8 10 2 2 2 2 10 2 8 10 10 10 10 2 10 2 2 10 10 10 10 10 8 10 10 10 2 8
left_child=2 3 8 15 19 6 7 11 13 -7 -8 22 24 26 -9 27 -17 -12 -6 -3 -10 -22 -4 -14 -5 -26 -1 28 29 -2
right_child=1 4 5 12 18 9 10 14 20 -11 17 -13 23 -15 -16 16 -18 -19 -20 -21 21 -23 -24 -25 25 -27 -28 -29 -30 -31
leaf_value=-1312.7699100736238 6057.9132293244329 5234.0538050034475 502.85907841925257 -361.65353351169165 26031.120292524858 4834.3196891007601 301.53318458340203 -427.32768955301094 -522.50221643142595 18336.09475830078 1035.9411861760225 11192.580216064453 3736.5410708521531 8638.8673925781241 22.298468433024638 940.98646886439803 1869.9430991348117 3179.1549060917864 16178.70505065918 10539.005201336156 -199.95211110115054 10854.978925170899 1958.8632710077709 6285.0767243728642 2345.2581292414211 3758.9500554892602 -875.54593613381314 -1578.8342297722311 1354.023708798187 660.65004937065976
leaf_weight=11317 167 68 1355 108 22 81 13014 17007 14823 20 1333 20 679 20 16740 8063 2067 396 32 107 32 20 737 200 2131 680 8013 34 99 45
leaf_count=11317 167 68 1355 108 22 81 13014 17007 14823 20 1333 20 679 20 16740 8063 2067 396 32 107 32 20 737 200 2131 680 8013 34 99 45
internal_value=0 1824.37 -311.523 1673.3 11240.1 54.7686 39.8923 -126.757 -854.169 7507.94 445.229 1112.17 2977.59 -1121.43 -204.293 1200.39 1130.54 1526.81 20192.7 8477.65 -506.511 4051.94 1015.8 4316.41 2574.43 2687.24 -1131.52 3251.5 3779.58 4912.27
internal_weight=0 14502 84928 14273 229 50703 50602 35859 34225 101 14743 2112 3798 19350 33747 10475 10130 1729 54 175 14875 52 2092 879 2919 2811 19330 345 311 212
internal_count=99430 14502 84928 14273 229 50703 50602 35859 34225 101 14743 2112 3798 19350 33747 10475 10130 1729 54 175 14875 52 2092 879 2919 2811 19330 345 311 212
is_linear=0
shrinkage=0.1


Tree=13
num_leaves=31
num_cat=0
split_feature=39 39 39 20 39 35 39 9 39 13 9 11 28 39 35 9 9 28 42 35 28 13 11 19 8 27 35 8 19 16
split_gain=5.60641e+12 1.92493e+12 1.86153e+12 5.51195e+11 4.83826e+11 4.79824e+11 3.7451e+11 3.50646e+11 3.48748e+11 1.63566e+11 1.29287e+11 1.21364e+11 9.88611e+10 9.40567e+10 8.06754e+10 7.30745e+10 7.18244e+10 7.15547e+10 6.68069e+10 3.29162e+11 6.5804e+10 6.51812e+10 5.85866e+10 5.45446e+10 4.98792e+10 6.11606e+10 4.90378e+10 4.72564e+10 8.54321e+10 4.71907e+10
threshold=93934.065934065948 252285.71428571432 45978.021978021985 550000.00000000012 154879.12087912092 1022000.0000000001 31346.153846153855 575500.00000000012 63730.769230769241 189500.00000000003 359500.00000000006 129500.00000000001 133500.00000000003 11692.307692307693 83500.000000000015 24500.000000000004 182500.00000000003 252500.00000000003 30166.666666666668 140500.00000000003 85500.000000000015 233500.00000000003 1.0000000180025095e-35 23500.000000000004 137500.00000000003 33500.000000000007 46500.000000000007 107500.00000000001 439000.00000000006 153500.00000000003
decision_type=2 2 2 10 2 8 2 10 2 8 8 8 8 2 10 10 10 10 10 10 8 10 8 8 10 8 8 8 8 8
left_child=2 4 6 7 11 -5 13 9 -4 -3 27 18 -6 -1 24 -14 17 -13 19 -2 26 -17 23 -8 -10 -26 -20 28 -11 -18
right_child=1 3 8 5 12 -7 22 -9 14 10 -12 16 15 -15 -16 21 29 -19 20 -21 -22 -23 -24 -25 25 -27 -28 -29 -30 -31
leaf_value=-1410.9407552464863 11005.124166962596 -1894.6614648437499 -46.005628259593237 11746.561919642858 457.97612712405146 30866.70931105841 -1971.7497254759401 19699.646942934785 455.11031156472728 6064.0760347806499 10507.503224901222 1947.1534269804552 7183.9546549479173 -909.53642405422841 974.4616077978452 3244.5890458853514 1977.8820814296178 7950.1543206787119 -3375.2762890625004 -5253.0034472656253 1408.1599209789074 5385.4607088319817 -391.32562246641373 -589.41401456827907 -3808.9152477123121 -188.25963809066195 497.38060070091569 9869.1400195312508 -1121.6602794828868 5271.065581903873
leaf_weight=4758 33 20 26108 35 109 21 455 23 14776 78 87 2766 54 17507 3249 1510 70 20 35 20 5411 157 20312 766 54 343 497 20 21 115
leaf_count=4758 33 20 26108 35 109 21 455 23 14776 78 87 2766 54 17507 3249 1510 70 20 35 20 5411 157 20312 766 54 343 497 20 21 115
internal_value=0 2118.03 -266.217 9952.48 1896.72 18916.6 -729.114 7936.46 189.072 6739.32 7577.57 1594.31 3378.52 -1016.69 522.228 3563.5 2116.95 1990.25 1335.34 4869.98 1303.82 3446.22 -431.767 -1104.54 425.391 -680.742 242.601 5435.51 4539.83 4025
internal_weight=0 11102 88328 305 10797 56 43798 249 44530 226 206 8967 1830 22265 18422 1721 2971 2786 5996 53 5943 1667 21533 1221 15173 397 532 119 99 185
internal_count=99430 11102 88328 305 10797 56 43798 249 44530 226 206 8967 1830 22265 18422 1721 2971 2786 5996 53 5943 1667 21533 1221 15173 397 532 119 99 185
is_linear=0
shrinkage=0.1


Tree=14
num_leaves=31
num_cat=0
split_feature=39 39 39 39 4 22 39 1 1 39 21 1 41 24 21 1 42 39 22 18 1 21 35 1 5 41 1 8 2 9
split_gain=4.57662e+12 1.7452e+12 1.16226e+12 6.8078e+11 5.71429e+11 3.63981e+11 2.26129e+11 2.22127e+11 1.72526e+11 1.69742e+11 1.61257e+11 1.3891e+11 1.34433e+11 1.32054e+11 1.31841e+11 9.94617e+10 2.25964e+11 9.72634e+10 1.47185e+11 1.07238e+11 8.82588e+10 8.81106e+10 1.10926e+11 9.64351e+10 2.18235e+11 8.73995e+10 8.33069e+10 8.20498e+10 8.13403e+10 8.03325e+10
threshold=78873.626373626394 252285.71428571432 38917.582417582424 131434.06593406596 55.950833515000006 156500.00000000003 54247.252747252758 207500.00000000003 26500.000000000004 19703.29670329671 800500.00000000012 1.0000000180025095e-35 101500.00000000001 162500.00000000003 200500.00000000003 10500.000000000002 36166.666666666679 113109.89010989011 105500.00000000001 136500.00000000003 1.0000000180025095e-35 72500.000000000015 87500.000000000015 2500.0000000000005 15.500000000000002 29642.857142857149 210500.00000000003 55500.000000000007 1158500.0000000002 1.0000000180025095e-35
decision_type=2 2 2 2 2 8 2 2 2 2 8 2 8 10 10 2 8 2 8 8 2 8 10 2 2 8 2 10 2 8
left_child=2 3 9 8 5 -3 11 -7 13 -1 -6 25 -10 17 21 16 -8 -2 -19 -20 29 22 -5 24 -23 -4 -25 -22 -9 -11
right_child=1 4 6 14 10 7 15 28 12 20 -12 -13 -14 -15 -16 -17 -18 18 19 -21 27 23 -24 26 -26 -27 -28 -29 -30 -31
leaf_value=-1089.8413153617862 2566.1290621384333 19718.693278808598 -1441.1667480468864 -3288.1597422115142 11005.323454483696 -3451.5154919942224 -1843.5729518226956 5393.8267511381528 646.78259654737985 1060.3018958835353 21614.174121736229 -266.89663117543881 1287.4941553899284 -3082.3407278878349 4094.6417409003539 170.49447017695053 2107.8137727090393 -1360.1511035156252 12895.190760091147 5027.4369753953888 -627.63019530316558 13151.004747596155 3437.8799298542308 2171.3602048202661 194.40641902043271 1326.3536679195395 4066.7587318269634 -1523.0448132097447 9774.043173668033 -360.33837125815603
leaf_weight=11407 368 20 132 61 23 24 184 139 7276 538 38 24036 5955 35 474 23294 678 20 30 41 18014 26 41 2779 26 842 253 1085 61 1530
leaf_count=11407 368 20 132 61 23 24 184 139 7276 538 38 24036 5955 35 474 23294 678 20 30 41 18014 26 41 2779 26 842 253 1085 61 1530
internal_value=0 1458.37 -315.617 1326.81 8957.24 6793.02 -8.68879 5638.94 1003.66 -778.883 17614.1 -219.455 935.154 2838.52 2538.61 209.529 1264.36 3290.01 6217.34 8351.84 -611.306 2307.11 -584.556 2402.75 6672.71 951.289 2329.52 -678.498 6729.79 9.24793
internal_weight=0 17690 81740 17385 305 244 49166 224 13725 32574 61 25010 13231 494 3660 24156 862 459 91 71 21167 3186 102 3084 52 974 3032 19099 200 2068
internal_count=99430 17690 81740 17385 305 244 49166 224 13725 32574 61 25010 13231 494 3660 24156 862 459 91 71 21167 3186 102 3084 52 974 3032 19099 200 2068
is_linear=0
shrinkage=0.1


Tree=15
num_leaves=31
num_cat=0
split_feature=39 39 39 14 20 31 39 14 14 9 14 19 21 13 18 9 19 26 21 35 8 13 21 31 18 14 7 41 26 3
split_gain=3.7115e+12 1.31729e+12 1.22292e+12 4.03489e+11 3.91631e+11 4.35637e+11 3.28363e+11 2.93406e+11 2.57912e+11 1.57919e+11 1.20065e+11 1.02898e+11 9.90173e+10 8.51269e+10 7.95192e+10 8.30445e+10 1.78874e+11 1.25515e+11 7.71102e+10 5.49518e+10 4.58515e+10 4.458e+10 4.34456e+10 4.23637e+10 4.14671e+10 4.93658e+10 4.10665e+10 4.06941e+10 6.90255e+10 5.06189e+10
threshold=96813.186813186825 49741.758241758253 252285.71428571432 161500.00000000003 517000.00000000006 796500.00000000012 31346.153846153855 295500.00000000006 69500.000000000015 575500.00000000012 119500.00000000001 319000.00000000006 83500.000000000015 230500.00000000003 198500.00000000003 1.0000000180025095e-35 187500.00000000003 101500.00000000001 16500.000000000004 181500.00000000003 94500.000000000015 180500.00000000003 71500.000000000015 21500.000000000004 134500.00000000003 114500.00000000001 -98499.999999999985 11500.000000000002 44500.000000000007 37.771407735000004
decision_type=2 2 2 10 10 8 2 8 8 8 8 8 10 10 10 10 8 8 10 10 10 10 8 8 10 10 10 8 10 2
left_child=1 6 3 10 7 -6 18 11 27 21 14 -4 24 19 15 16 17 -2 -1 -5 -8 -9 -17 -22 -10 -26 -19 28 29 -3
right_child=2 8 4 13 5 -7 20 9 12 -11 -12 -13 -14 -15 -16 22 -18 26 -20 -21 23 -23 -24 -25 25 -27 -28 -29 -30 -31
leaf_value=-990.37912833835821 6682.1537076822924 4470.7745796534027 3818.3176715353266 2410.7552422161348 6998.6256247127767 23254.855746459962 -291.73317065824227 3249.7073046875003 389.46250712355072 16600.179746942937 1713.7789748518333 -3669.81321875 901.71335513215035 5115.850267157497 -1825.1471638997396 -521.66365277440423 10957.567096534141 872.12996974135899 -614.14345005211669 3719.4549759549877 -2262.7858823493339 8413.0966245763448 1003.8173271361704 -640.92266105342117 26.937801285991522 -3415.3431093277468 -4705.5932927911936 3.6985620841130307 -3682.9585195806962 -1234.8197062174479
leaf_weight=12759 30 23 69 1264 34 32 27088 20 13267 23 3860 25 4699 166 102 197 26 33 9506 430 209 102 3569 702 127 62 22 20857 79 48
leaf_count=12759 30 23 69 1264 34 32 27088 20 13267 23 3860 25 4699 166 102 197 26 33 9506 430 209 102 3569 702 127 62 22 20857 79 48
internal_value=0 -204.348 1826.67 1630.61 8061.51 14880.4 -543.125 6178.46 230.467 8999.55 1316.43 1826.79 506.517 2954.73 930.965 1003.48 3699.27 1479.08 -829.746 2742.95 -315.201 7566.64 924.019 -1013.01 368.51 -1102.28 -1358.96 -8.10474 -1649.32 613.471
internal_weight=0 89426 10004 9699 305 66 50264 239 39162 145 7839 94 18155 1860 3979 3877 111 85 22265 1694 27999 122 3766 911 13456 189 55 21007 150 71
internal_count=99430 89426 10004 9699 305 66 50264 239 39162 145 7839 94 18155 1860 3979 3877 111 85 22265 1694 27999 122 3766 911 13456 189 55 21007 150 71
is_linear=0
shrinkage=0.1


Tree=16
num_leaves=31
num_cat=0
split_feature=39 39 39 14 14 22 14 14 14 42 25 3 35 1 42 1 28 21 1 6 14 9 12 21 21 25 13 28 21 8
split_gain=3.02698e+12 1.15338e+12 7.63311e+11 5.20028e+11 2.9576e+11 2.56309e+11 2.05929e+11 2.02624e+11 1.37073e+11 1.35239e+11 2.42338e+11 2.59783e+11 1.1652e+11 1.14546e+11 1.32656e+11 1.01357e+11 9.84033e+10 1.14959e+11 9.17049e+10 8.61953e+10 8.25002e+10 7.93732e+10 2.08157e+11 2.44447e+11 8.99018e+10 7.89602e+10 7.55992e+10 7.12273e+10 7.10896e+10 6.90992e+10
threshold=77708.791208791212 252285.71428571432 34835.16483516484 133500.00000000003 582500.00000000012 194500.00000000003 243500.00000000003 55500.000000000007 91500.000000000015 30166.666666666668 95500.000000000015 37.535767420000006 181500.00000000003 3500.0000000000005 1.0000000180025095e-35 10500.000000000002 46500.000000000007 2500.0000000000005 7500.0000000000009 5.5000000000000009 16500.000000000004 1.0000000180025095e-35 1.0000000180025095e-35 27500.000000000004 28500.000000000004 127500.00000000001 243500.00000000003 66500.000000000015 800500.00000000012 85500.000000000015
decision_type=2 2 2 10 10 8 8 10 8 10 10 2 10 2 8 2 8 10 2 2 10 8 8 8 8 8 10 8 8 10
left_child=2 3 20 8 5 -3 -7 13 9 10 11 -2 26 14 25 -9 17 -11 19 -18 -1 22 23 -16 -23 -4 -5 -25 -6 -17
right_child=1 4 7 12 28 6 -8 15 -10 16 -12 -13 -14 -15 21 29 18 -19 -20 -21 -22 24 -24 27 -26 -27 -28 -29 -30 -31
leaf_value=-897.7683948711109 1457.2745025634767 16671.151748046876 -2246.5265722656327 1780.7024760252957 9756.688179347826 -2442.833766128078 6089.6380860608042 1358.7464664215513 1034.5244566403856 -5048.7209412505663 -3492.9510091145839 16170.740832519532 3357.8426883074194 -240.9561551807744 16827.279687500002 184.03913293017777 1681.3028183109507 -286.42719365464455 371.98387646188991 7669.2345581054688 -541.5133946522617 -1299.2300188656511 653.72649284241697 7810.0592211914063 1207.1966747468518 2379.3160677083338 5200.7062183322332 -349.72049082880437 17094.307743195564 -892.40363917249988
leaf_weight=12219 24 20 205 3124 23 33 198 720 8491 69 24 24 612 32496 20 19650 121 191 5341 30 13889 174 126 20 806 45 66 23 31 615
leaf_count=12219 24 20 205 3124 23 33 198 720 8491 69 24 24 612 32496 20 19650 121 191 5341 30 13889 174 126 20 806 45 66 23 31 615
internal_value=0 1157.02 -263.118 1054.36 7255.36 5810.99 4870.71 -51.4341 778.247 404.611 4711.69 8814.01 2093.94 -202.553 676.912 192.797 350.697 -1550.27 440.692 2870.96 -708.247 1124.04 3000.38 7693.7 762.178 -1413.87 1851.46 3445.53 13969 151.371
internal_weight=0 18422 81008 18117 305 251 231 54900 14315 5824 72 48 3802 33915 1419 20985 5752 260 5492 151 26108 1169 189 63 980 250 3190 43 54 20265
internal_count=99430 18422 81008 18117 305 251 231 54900 14315 5824 72 48 3802 33915 1419 20985 5752 260 5492 151 26108 1169 189 63 980 250 3190 43 54 20265
is_linear=0
shrinkage=0.1


Tree=17
num_leaves=31
num_cat=0
split_feature=39 39 39 14 20 6 39 14 28 1 14 42 27 28 1 15 42 15 6 15 11 1 7 1 39 15 19 11 14 1
split_gain=2.47104e+12 8.89496e+11 7.98904e+11 2.80918e+11 2.80785e+11 4.44393e+11 2.25998e+11 2.14678e+11 1.85121e+11 1.77672e+11 1.61467e+11 1.36939e+11 1.26912e+11 1.21977e+11 1.12017e+11 1.07607e+11 1.39269e+11 9.96071e+10 8.81935e+10 7.60453e+10 7.69872e+10 7.59181e+10 8.23538e+10 7.43033e+10 7.72004e+10 7.36362e+10 7.029e+10 6.93274e+10 6.5031e+10 1.05805e+11
threshold=96813.186813186825 51142.857142857152 252285.71428571432 179500.00000000003 517000.00000000006 1.5000000000000002 28263.736263736268 295500.00000000006 590500.00000000012 8500.0000000000018 72500.000000000015 37833.333333333336 294000.00000000006 43500.000000000007 515000.00000000006 115500.00000000001 29833.333333333339 3500.0000000000005 1.0000000180025095e-35 96500.000000000015 156500.00000000003 1.0000000180025095e-35 -62499.999999999993 38500.000000000007 126521.97802197804 18500.000000000004 81500.000000000015 25500.000000000004 51500.000000000007 8500.0000000000018
decision_type=2 2 2 10 10 2 2 8 10 2 10 8 8 8 2 8 8 8 2 10 10 2 8 2 2 8 10 10 10 2
left_child=1 6 3 15 7 -6 -1 12 -7 11 -11 13 -4 -3 -9 28 -17 27 -15 26 -21 -8 -23 24 -5 -25 -13 -12 -2 -30
right_child=2 9 4 23 5 8 21 14 -10 10 17 19 -14 18 -16 16 -18 -19 -20 20 -22 22 -24 25 -26 -27 -28 -29 29 -31
leaf_value=-713.16465581729881 -1240.9110172816686 6153.8572435461965 4586.9786283605235 2044.5434952445653 23908.163623046876 -604.05617675781252 322.00320363651622 5869.3891660167055 12422.627183024089 18.620054328601491 -2901.5139072449228 1997.7462310408353 -2788.5903666651529 3346.1384811401367 12571.490118789674 9172.4004415760865 1373.6722133004921 539.01162502664806 -2337.3527563607822 2764.1484656863745 8119.1276160037878 -1738.6359201255725 -297.99536304765491 61.316981794249344 9745.1198665364591 2823.6582599377789 -138.67300267712824 -238.2766169780443 4973.4533016916057 697.63450034971038
leaf_weight=18727 168 23 51 23 22 20 1980 113 24 24775 123 638 43 32 32 23 5187 11004 186 144 33 402 30680 106 30 1077 203 476 59 3026
leaf_count=18727 168 23 51 23 22 20 1980 113 24 24775 123 638 43 32 32 23 5187 11004 186 144 33 402 30680 106 30 1077 203 476 59 3026
internal_value=0 -166.739 1490.48 1332.01 6529.83 12303.7 -435.6 4935.38 6501.41 203.219 162.799 1371.13 1213.05 -772.334 7348.47 1126.34 1408.1 470.652 -1503.08 1878.57 3762.53 -278.382 -316.628 2740.26 6403.36 2576.15 1482.06 -785.152 675.07 779.409
internal_weight=0 89426 10004 9699 305 66 51789 239 44 37637 36378 1259 94 241 145 8463 5210 11603 218 1018 177 33062 31082 1236 53 1183 841 599 3253 3085
internal_count=99430 89426 10004 9699 305 66 51789 239 44 37637 36378 1259 94 241 145 8463 5210 11603 218 1018 177 33062 31082 1236 53 1183 841 599 3253 3085
is_linear=0
shrinkage=0.1


Tree=18
num_leaves=31
num_cat=0
split_feature=39 39 39 14 27 30 12 1 41 1 14 0 17 35 1 14 14 19 23 14 9 2 39 30 29 2 30 6 29 14
split_gain=2.01569e+12 7.76518e+11 4.74114e+11 3.07765e+11 2.81198e+11 4.40221e+11 2.22661e+11 1.34594e+11 1.59512e+11 1.15426e+11 1.14432e+11 1.09933e+11 1.53756e+11 8.28914e+10 7.4647e+10 6.92679e+10 6.88893e+10 6.34162e+10 6.23061e+10 6.36359e+10 5.87227e+10 1.6555e+11 3.40382e+11 6.39553e+10 7.39064e+10 5.80173e+10 5.77568e+10 5.74937e+10 5.71005e+10 5.59932e+10
threshold=73714.285714285725 200807.69230769234 34835.16483516484 119500.00000000001 392000.00000000006 796500.00000000012 513500.00000000006 3500.0000000000005 28785.714285714294 480500.00000000006 53500.000000000007 676433.00000000012 276500.00000000006 181500.00000000003 1.0000000180025095e-35 80500.000000000015 10500.000000000002 37500.000000000007 230500.00000000003 183500.00000000003 1.0000000180025095e-35 398500.00000000006 108791.20879120882 123500.00000000001 70500.000000000015 188500.00000000003 72500.000000000015 4.5000000000000009 79500.000000000015 206500.00000000003
decision_type=2 2 2 10 10 8 8 2 8 2 10 2 10 10 2 8 10 8 8 10 10 2 2 10 8 2 10 2 10 10
left_child=2 3 14 15 6 27 11 8 25 -8 -9 -3 18 17 -1 20 -16 -5 -13 -20 21 23 -23 24 -2 -4 -10 -6 -28 -19
right_child=1 4 7 13 5 -7 9 10 26 -11 -12 12 -14 -15 16 -17 -18 29 19 -21 -22 22 -24 -25 -26 -27 28 -29 -30 -31
leaf_value=-92.253342021521306 6083.0596108176496 3706.2430065736935 2165.4912057976776 -586.34376545742418 7060.1033234772858 20116.466139729819 5379.6296289062502 -216.27215388789955 1317.9258287930161 13841.731141493057 88.962072103893775 3858.1049146710025 -6971.0043924967458 2677.1415529486148 -892.54666505295904 686.04720326482436 -521.76203824974834 1291.7864015445607 -5198.0047070312503 1910.751754581227 136.14669118812759 1451.0778208564311 16843.692700195312 -4919.6607379415764 -280.97738698798923 -2036.3233137138589 273.18781691841463 1089.8231116253398 -4187.4780618106624 2720.7032445155037
leaf_weight=2810 22 295 38 169 54 27 40 29659 1521 27 20964 66 24 495 7295 10505 16003 4079 20 34 4304 51 20 23 107 243 184 23 34 294
leaf_count=2810 22 295 38 169 54 27 40 29659 1521 27 20964 66 24 495 7295 10505 16003 4079 20 34 4304 51 20 23 107 243 184 23 34 294
internal_value=0 878.65 -230.722 771.816 4393.52 9129.39 3420.14 -57.9278 742.534 8789.73 -89.8685 2600.63 335.669 1448.32 -579.137 545.13 -637.861 1314.4 1797 -722.121 218.128 1800.4 5787.03 -61.7728 804.362 -1468.11 1099.75 5276.77 -422.512 1387.85
internal_weight=0 20679 78751 20069 610 104 506 52643 2020 67 50623 439 144 5037 26108 15032 23298 4542 120 54 4527 223 71 152 129 281 1739 77 218 4373
internal_count=99430 20679 78751 20069 610 104 506 52643 2020 67 50623 439 144 5037 26108 15032 23298 4542 120 54 4527 223 71 152 129 281 1739 77 218 4373
is_linear=0
shrinkage=0.1


Tree=19
num_leaves=31
num_cat=0
split_feature=14 13 14 13 14 26 14 17 35 18 13 9 21 42 41 2 14 24 9 32 41 42 17 23 28 42 14 35 42 41
split_gain=1.40019e+12 5.65664e+11 3.6969e+11 2.65418e+11 2.63808e+11 1.23922e+11 9.24352e+10 8.718e+10 7.85275e+10 8.34382e+10 8.17274e+10 7.09641e+10 7.16087e+10 6.93713e+10 6.77053e+10 5.90676e+10 5.40008e+10 5.23339e+10 5.20692e+10 5.0333e+10 4.91674e+10 6.54077e+10 7.20274e+10 5.68472e+10 4.84774e+10 4.04249e+10 4.11172e+10 4.21245e+10 4.00884e+10 5.84289e+10
threshold=76500.000000000015 230500.00000000003 37500.000000000007 119500.00000000001 486000.00000000006 276500.00000000006 187500.00000000003 709000.00000000012 10500.000000000002 69500.000000000015 379000.00000000006 156500.00000000003 62500.000000000007 205833.33333333334 62642.857142857152 701500.00000000012 243500.00000000003 505500.00000000006 259500.00000000003 129500.00000000001 10928.571428571429 3500.0000000000005 108500.00000000001 108500.00000000001 99500.000000000015 29833.333333333339 220500.00000000003 90500.000000000015 29166.666666666668 47071.42857142858
decision_type=10 10 8 10 10 10 10 8 8 10 10 10 10 8 8 2 10 8 10 10 8 10 8 10 10 10 10 10 8 10
left_child=2 3 5 14 16 8 -5 17 9 19 20 12 28 -13 -2 18 -3 -6 -15 -1 23 22 -22 -10 -23 -16 27 -27 29 -4
right_child=1 4 11 6 7 -7 -8 -9 10 -11 -12 13 -14 15 25 -17 -18 -19 -20 -21 21 24 -24 -25 -26 26 -28 -29 -30 -31
leaf_value=-817.36353194052731 -176.63564910375661 1825.7684625526385 -517.07692292064394 1149.2681401677542 9619.606657608696 7210.4863257998513 2367.8165365894261 12588.208552067455 -812.58392979830001 -2947.8055977679314 5980.5862147712714 209.40924524764671 206.04862544825642 2813.7092470722819 4483.9376201923078 6223.9938055271059 4286.7154520946997 2873.6617736816406 -2699.3367449079242 3875.3026958963146 674.99209037449054 -398.01599128826462 7136.8020613960607 -6040.0489629836311 896.64082479639683 436.48070098453104 -1290.1436428883037 840.65880105558267 -65.238037080804716 4658.5829057173296
leaf_weight=3669 1450 173 2553 3839 23 21 743 41 2218 188 20 221 10133 93 26 41 184 23 21 23 69 22426 23 21 293 8820 122 3644 38287 22
leaf_count=3669 1450 173 2553 3839 23 21 743 41 2218 188 20 221 10133 93 26 41 184 23 21 23 69 22426 23 21 293 8820 122 3644 38287 22
internal_value=0 769.886 -182.913 685.878 4297.47 -468.557 1346.86 9235.19 -474.127 -892.774 -409.334 -21.8223 -31.9146 1346.95 470.501 2968.86 3094.16 6246.63 1798.15 -788.13 -414.436 -370.544 2290.44 -861.613 -381.319 544.902 536.765 554.647 -90.925 -472.858
internal_weight=0 19088 80342 18644 444 28971 4582 87 28950 3880 25070 51371 50995 376 14062 155 357 46 114 3692 25050 22811 92 2239 22719 12612 12586 12464 40862 2575
internal_count=99430 19088 80342 18644 444 28971 4582 87 28950 3880 25070 51371 50995 376 14062 155 357 46 114 3692 25050 22811 92 2239 22719 12612 12586 12464 40862 2575
is_linear=0
shrinkage=0.1


Tree=20
num_leaves=31
num_cat=0
split_feature=39 39 39 22 4 11 17 15 15 42 28 35 41 11 8 15 15 42 16 11 11 37 33 8 24 32 15 40 3 42
split_gain=1.36665e+12 5.06277e+11 4.24978e+11 1.83105e+11 2.17238e+11 1.63368e+11 1.32813e+11 1.20188e+11 1.1689e+11 9.7907e+10 6.42325e+10 6.22136e+10 7.22347e+10 6.15402e+10 5.66527e+10 5.47829e+10 5.09388e+10 6.80537e+10 5.1132e+10 4.72018e+10 7.01348e+10 4.446e+10 5.59515e+10 4.25165e+10 5.63768e+10 3.8926e+10 3.80489e+10 3.7408e+10 7.87794e+10 4.52319e+10
threshold=96813.186813186825 48697.802197802208 252285.71428571432 156500.00000000003 55.937786545000009 155500.00000000003 709000.00000000012 60500.000000000007 23500.000000000004 205833.33333333334 77500.000000000015 4500.0000000000009 66928.571428571435 373000.00000000006 279500.00000000006 198500.00000000003 108500.00000000001 31500.000000000004 1.0000000180025095e-35 1.0000000180025095e-35 43500.000000000007 85500.000000000015 96500.000000000015 174500.00000000003 72500.000000000015 212500.00000000003 97500.000000000015 32383.333333333339 38.092130185000009 3500.0000000000005
decision_type=2 2 2 8 2 8 8 8 10 10 10 8 10 10 8 10 8 10 8 10 10 8 10 10 8 10 10 8 2 10
left_child=1 8 5 -4 9 16 -6 23 11 -5 -9 -1 -13 -11 -8 21 19 -18 -19 -2 -21 22 -7 27 -25 -23 -27 28 -3 -29
right_child=2 7 3 4 6 15 14 10 -10 13 -12 12 -14 -15 -16 -17 17 18 -20 20 -22 25 -24 24 -26 26 -28 29 -30 -31
leaf_value=-1154.4986198930258 -1931.3643934471665 6340.8899710518972 14033.164530029297 -4300.3395868716034 4286.837912819602 8132.1751309481542 8349.4764580221727 180.84313420967771 -210.95405055966305 3644.9472908149328 555.88532947328395 -483.09581878840459 5250.357082020153 -2115.9620574951173 14862.061088423296 2544.1602283764764 5764.401403387662 -1454.9635756683351 952.99922428573927 5341.0680537256703 393.07687384911947 1456.8707670413396 1696.443619559152 327.20393288352278 -2684.0408918647499 -4244.3443225678948 422.24432299687317 -1920.9654661236391 -575.06008972167967 -61.412544122538606
leaf_weight=1458 86 28 20 23 66 22 34 19840 28511 118 5932 18748 22 22 22 545 29 90 4372 29 2352 2014 35 110 143 21 104 132 40 14462
leaf_count=1458 86 28 20 23 66 22 34 19840 28511 118 5932 18748 22 22 22 545 29 90 4372 29 2352 2014 35 110 143 21 104 132 40 14462
internal_value=0 -124.001 1108.45 4783.89 4134.82 992.867 7326.06 136.418 -341.397 1746.29 267.167 -525.254 -476.376 2739.66 10908 1646.76 735.275 935.812 904.43 370.211 453.342 1424.05 4180.41 -89.5071 -1374.8 1350.59 -361.743 -67.3287 2272.68 -78.2319
internal_weight=0 89426 10004 305 285 9699 122 40687 48739 163 25772 20228 18770 140 56 2741 6958 4491 4462 2467 2381 2196 57 14915 253 2139 125 14662 68 14594
internal_count=99430 89426 10004 305 285 9699 122 40687 48739 163 25772 20228 18770 140 56 2741 6958 4491 4462 2467 2381 2196 57 14915 253 2139 125 14662 68 14594
is_linear=0
shrinkage=0.1


Tree=21
num_leaves=31
num_cat=0
split_feature=15 15 28 20 21 21 13 42 35 21 40 27 35 2 15 16 42 17 12 42 8 5 30 13 35 8 42 12 21 28
split_gain=9.43112e+11 3.73995e+11 2.93155e+11 2.14428e+11 1.40485e+11 1.04277e+11 1.03612e+11 9.98568e+10 9.28881e+10 8.29586e+10 6.25222e+10 5.29303e+10 4.79689e+10 4.6704e+10 4.40695e+10 5.07137e+10 4.89981e+10 4.28781e+10 4.25417e+10 3.94135e+10 3.76443e+10 4.22047e+10 3.73798e+10 3.68415e+10 3.5812e+10 3.27314e+10 3.26415e+10 2.93563e+10 2.92291e+10 2.79012e+10
threshold=97500.000000000015 41500.000000000007 263500.00000000006 304500.00000000006 122500.00000000001 66500.000000000015 379000.00000000006 205833.33333333334 634000.00000000012 14500.000000000002 66050.000000000015 49500.000000000007 48500.000000000007 701500.00000000012 197500.00000000003 59500.000000000007 27833.333333333339 210500.00000000003 131500.00000000003 29166.666666666668 -76499.999999999985 15.500000000000002 60500.000000000007 143500.00000000003 172500.00000000003 -20499.999999999996 50166.666666666679 105500.00000000001 223500.00000000003 96500.000000000015
decision_type=10 8 10 10 8 10 10 10 10 8 10 8 10 2 10 8 10 10 8 8 10 2 10 10 10 10 10 10 10 10
left_child=1 3 4 6 11 7 9 13 27 10 22 -2 -12 19 16 -16 -6 -11 -15 -3 21 -17 -1 -9 26 -14 -18 -4 -29 -7
right_child=2 5 8 -5 14 29 -8 23 -10 17 12 -13 25 18 15 20 24 -19 -20 -21 -22 -23 -24 -25 -26 -27 -28 28 -30 -31
leaf_value=-593.68517317262365 -590.44265662241196 -429.74748901860585 7014.7426511018175 9980.3363012695318 5322.8410156250002 242.62316981422384 5815.0187192563662 2200.4882410386031 9499.5453948974609 -290.63569048622384 -5881.8477380371096 557.97574538767628 1766.0350016276043 85.822911125818905 -332.72963503731626 5641.7841192902115 -1646.6079081217449 -3652.2644351356912 1655.2580021264475 -18.382989859475938 1869.0990650529232 1678.0180127461751 -1698.0980274343492 7527.7126999627981 1871.028937281345 -3542.0119375375602 978.30287032421393 539.9275934392756 3869.8741510056361 682.29454632199167
leaf_weight=7243 438 2476 23 20 27 11672 27 34 32 25481 40 4794 21 390 90 61 48 38 310 39262 574 48 320 21 470 26 3633 33 131 1647
leaf_count=7243 438 2476 23 20 27 11672 27 34 32 25481 40 4794 21 390 90 61 48 38 310 39262 574 48 320 21 470 26 3633 33 131 1647
internal_value=0 -105.273 901.006 -370.954 823.153 52.844 -377.19 -23.6817 4520.98 -382.231 -671.076 461.835 -3336.55 -29.2004 1204.98 1898.59 1076.65 -295.641 780.858 -42.7861 2192.62 3896.27 -640.414 4234.52 1049.03 -1170.33 944.074 3669.04 3199.82 296.992
internal_weight=0 89028 10402 33216 10183 55812 33196 42493 219 33169 7650 5232 87 42438 4951 773 4178 25519 700 41738 683 109 7563 55 4151 47 3681 187 164 13319
internal_count=99430 89028 10402 33216 10183 55812 33196 42493 219 33169 7650 5232 87 42438 4951 773 4178 25519 700 41738 683 109 7563 55 4151 47 3681 187 164 13319
is_linear=0
shrinkage=0.1


Tree=22
num_leaves=31
num_cat=0
split_feature=39 39 39 22 9 21 1 14 41 21 4 2 1 1 3 18 39 7 13 9 14 16 8 27 9 8 3 23 9 14
split_gain=9.26483e+11 3.58259e+11 2.34691e+11 2.29991e+11 1.9632e+11 1.1916e+11 1.18412e+11 1.15425e+11 1.01974e+11 9.31589e+10 8.87569e+10 7.26395e+10 6.62278e+10 6.56677e+10 7.76625e+10 7.76306e+10 8.20235e+10 6.74198e+10 6.57699e+10 9.2568e+10 1.20606e+11 6.56687e+10 6.54022e+10 7.43978e+10 6.43534e+10 1.38666e+11 1.16822e+11 5.98185e+10 5.83224e+10 5.81128e+10
threshold=73714.285714285725 171978.02197802201 38120.87912087913 1.0000000180025095e-35 329000.00000000006 115500.00000000001 3500.0000000000005 77500.000000000015 29642.857142857149 800500.00000000012 55.950833515000006 188500.00000000003 1.0000000180025095e-35 7500.0000000000009 37.826738005000003 79500.000000000015 83208.791208791226 -70499.999999999985 117500.00000000001 18500.000000000004 87500.000000000015 11500.000000000002 149500.00000000003 1.0000000180025095e-35 1.0000000180025095e-35 -110499.99999999999 37.808468310000002 641500.00000000012 36500.000000000007 9500.0000000000018
decision_type=2 2 2 8 8 10 2 8 8 8 2 2 2 2 2 10 2 8 10 8 8 10 10 8 8 8 2 10 10 10
left_child=2 5 12 -3 7 13 8 -5 11 -6 -11 -4 24 14 17 16 -16 -2 19 20 -19 -17 -8 -24 25 26 -1 -12 -23 -14
right_child=1 3 6 4 9 -7 22 -9 -10 10 27 -13 29 -15 15 21 -18 18 -20 -21 -22 28 23 -25 -26 -27 -28 -29 -30 -31
leaf_value=2149.0896398207724 -1076.3524932861328 11583.352019531252 4491.7997581845239 -5132.3878061147843 2992.4124665885138 949.60839369464327 -33.537651441980245 1598.163615936799 1105.5542774341725 4265.8909823330969 14641.564853515625 -1667.5592210901498 -668.62685641374026 307.59868890569851 -1121.0926340147505 1798.3982158954329 5170.260915527344 3719.8206531343008 6970.0304578993064 3313.8435259049315 -6762.0276515794831 -8167.3042946525238 -3386.5131974991509 -535.83881055278607 -209.40252676312517 479.06986853474319 11780.846286621094 6907.3199707031254 -1720.7387888590497 -335.25821421244365
leaf_weight=34 48 25 21 26 116 4190 45171 1274 1485 44 20 217 6935 14471 43 26 40 21 36 197 23 23 115 449 2255 792 20 20 36 21257
leaf_count=34 48 25 21 26 116 4190 45171 1274 1485 44 20 217 6935 14471 43 26 40 21 36 197 23 23 115 449 2255 792 20 20 36 21257
internal_value=0 595.694 -156.422 2070.82 1912.28 478.248 -16.2408 1463.55 797.571 4828.98 7365.2 -1124.09 -369.016 346.264 1481.22 -264.481 1910.88 2383.61 2983.17 2387.62 -1759.33 -2388.66 -46.9 -1117.09 69.6248 813.368 5716.41 10774.4 -4233.81 -417.264
internal_weight=0 20679 78751 1525 1500 19154 47458 1300 1723 200 84 238 31293 14964 493 168 83 325 277 241 44 85 45735 564 3101 846 54 40 59 28192
internal_count=99430 20679 78751 1525 1500 19154 47458 1300 1723 200 84 238 31293 14964 493 168 83 325 277 241 44 85 45735 564 3101 846 54 40 59 28192
is_linear=0
shrinkage=0.1


Tree=23
num_leaves=31
num_cat=0
split_feature=39 39 20 6 14 9 14 1 28 1 6 6 14 10 14 13 19 24 39 39 21 13 31 13 21 18 29 42 9 14
split_gain=7.65853e+11 3.35343e+11 2.12538e+11 3.50763e+11 1.45603e+11 1.27817e+11 1.14182e+11 9.65818e+10 9.51177e+10 9.00856e+10 8.82316e+10 8.53121e+10 7.79938e+10 8.54443e+10 7.75158e+10 7.14485e+10 6.34076e+10 6.27175e+10 9.70008e+10 5.82062e+10 5.71837e+10 5.56095e+10 5.48596e+10 6.86515e+10 5.40465e+10 5.2259e+10 6.64852e+10 9.83645e+10 5.05626e+10 4.90265e+10
threshold=63401.098901098907 158895.60439560443 517000.00000000006 1.5000000000000002 35500.000000000007 641500.00000000012 91500.000000000015 8500.0000000000018 590500.00000000012 7500.0000000000009 5.5000000000000009 3.5000000000000004 56500.000000000007 50500.000000000007 227500.00000000003 3500.0000000000005 37500.000000000007 116500.00000000001 92538.461538461546 56357.142857142862 54500.000000000007 166500.00000000003 88500.000000000015 92500.000000000015 134500.00000000003 79500.000000000015 80500.000000000015 35166.666666666679 123500.00000000001 1.0000000180025095e-35
decision_type=2 2 10 2 10 8 8 2 10 2 2 2 10 10 10 10 8 10 2 2 10 10 8 10 10 8 10 10 10 8
left_child=4 6 5 -4 -1 14 9 19 -5 10 11 17 20 -14 29 -9 -8 18 25 -6 -13 -16 -12 -24 -18 26 27 -2 -11 -3
right_child=1 2 3 8 7 -7 16 15 -10 28 22 12 13 -15 21 -17 24 -19 -20 -21 -22 -23 23 -25 -26 -27 -28 -29 -30 -31
leaf_value=-335.15948957093065 10844.25176513672 -2947.0813606770835 17616.175969904121 -2941.7568261718752 534.30173094505062 6787.550801323785 -631.12005896711469 -827.14032691847024 6395.8680023193365 146.13731706895842 1525.8315236944902 -5304.9409262799199 -4224.9963431222095 3112.1056911057694 -2394.7996097183227 -51.341404259874508 512.79741673278272 -2167.3675991058349 9037.4443266369053 2594.8733833263123 -288.66477827592331 3037.0813718416643 3415.4300851004468 11086.423657226564 1101.7560554204581 -129.99158514481559 -50.355506727430559 2916.8310743543839 -772.29548799488884 1140.3996306098165
leaf_weight=32786 20 30 22 20 1318 45 433 1230 24 14120 38 47 21 65 20 34053 10520 32 21 153 44 327 28 20 1829 79 45 72 626 1342
leaf_count=32786 20 30 22 20 1318 45 433 1230 24 14120 38 47 21 65 20 34053 10520 32 21 153 44 327 28 20 1829 79 45 72 626 1342
internal_value=0 423.32 1734.92 7306.39 -181.953 1526.46 337.781 -45.2872 2151.49 153.27 1431.7 866.19 -838.822 1320.49 1388.73 -78.3865 558.322 1988.07 2549.15 748.624 -2879.49 2724 4364.44 6611.68 600.028 1918.34 3099.5 4640.18 107.148 1051.02
internal_weight=0 29890 1830 66 69540 1764 28060 36754 44 15278 532 446 177 86 1719 35283 12782 269 237 1471 91 347 86 48 12349 216 137 92 14746 1372
internal_count=99430 29890 1830 66 69540 1764 28060 36754 44 15278 532 446 177 86 1719 35283 12782 269 237 1471 91 347 86 48 12349 216 137 92 14746 1372
is_linear=0
shrinkage=0.1


Tree=24
num_leaves=31
num_cat=0
split_feature=39 39 20 30 6 14 1 14 1 14 41 8 7 15 18 15 15 18 1 15 17 15 30 15 1 15 8 39 22 22
split_gain=6.31332e+11 2.77675e+11 1.95439e+11 1.9122e+11 2.70439e+11 1.2153e+11 9.63559e+10 9.00496e+10 7.31605e+10 7.20235e+10 7.14611e+10 6.10633e+10 9.89734e+10 5.36215e+10 6.21897e+10 5.17825e+10 5.13607e+10 7.2744e+10 6.61704e+10 1.40467e+11 1.02958e+11 9.77903e+10 7.01564e+10 5.08787e+10 4.92996e+10 6.44102e+10 4.64802e+10 4.24175e+10 4.12098e+10 5.93731e+10
threshold=106637.36263736265 52412.087912087918 434500.00000000006 796500.00000000012 2.5000000000000004 190500.00000000003 8500.0000000000018 23500.000000000004 497500.00000000006 65500.000000000007 40500.000000000007 17500.000000000004 -1.0000000180025095e-35 132500.00000000003 90500.000000000015 3500.0000000000005 97500.000000000015 200500.00000000003 20500.000000000004 125500.00000000001 146500.00000000003 115500.00000000001 148500.00000000003 59500.000000000007 3500.0000000000005 1.0000000180025095e-35 61500.000000000007 125153.84615384617 96500.000000000015 69500.000000000015
decision_type=2 2 10 8 2 8 2 10 2 8 8 10 10 10 10 8 8 8 2 10 10 8 8 10 2 8 10 2 8 10
left_child=1 7 5 11 -5 16 10 -1 27 -8 -3 12 -4 14 -12 26 17 -2 19 21 22 -18 -21 -19 -9 -26 -11 -7 29 -16
right_child=2 6 3 4 -6 8 9 24 -10 15 13 -13 -14 -15 28 -17 18 23 -20 20 -22 -23 -24 -25 25 -27 -28 -29 -30 -31
leaf_value=-384.14486284594807 117.29115678637135 -1094.5406876346983 -5593.0508056640629 18684.814353027345 2939.8873321533206 489.78948821615671 -66.072674299354986 409.16607783046959 6585.3947544642861 -205.31296455815155 1447.9287095984257 4793.8035124929329 4115.7298200334826 3619.8614426859313 -969.58738724146133 247.8772217110884 2341.0718171296298 -6316.6991825226823 622.28386928723148 -1469.1627743675597 -5358.4865397135418 10704.050936994883 6445.3584149678554 -1027.4811509565875 -790.51832885574424 -114.57319615916416 -2260.7422208452558 1684.5582467834968 -2218.1114474744682 3658.5487259265992
leaf_weight=20431 521 145 21 20 24 376 14598 1685 28 477 825 38 21 89 78 21034 27 31 5142 21 24 29 24 44 1478 30513 143 1417 83 43
leaf_count=20431 521 145 21 20 24 376 14598 1685 28 477 825 38 21 89 78 21034 27 31 5142 21 24 29 24 44 1478 30513 143 1417 83 43
internal_value=0 -73.5597 863.177 4801.57 10096.7 799.622 135.511 -218.518 1513.22 105.597 994.131 1889.26 -738.66 1265.02 1061.35 221.328 577.985 -301.876 677.547 2950.87 -69.0941 6671.9 2751.92 -3213.69 -118.034 -145.802 -679.388 1434.01 -502.027 675.122
internal_weight=0 91622 7808 124 44 7684 37515 54107 1821 36252 1263 80 42 1118 1029 21654 5863 596 5267 125 69 56 45 75 33676 31991 620 1793 204 121
internal_count=99430 91622 7808 124 44 7684 37515 54107 1821 36252 1263 80 42 1118 1029 21654 5863 596 5267 125 69 56 45 75 33676 31991 620 1793 204 121
is_linear=0
shrinkage=0.1


end of trees

feature_importances:
mean_income_all=146
money_in=86
mean_income_last_7_days=50
income_6_day_before=49
income_13_day_before=37
mean_income_last_3_days=31
income_7_day_before=30
income_5_day_before=27
income_20_day_before=27
income_1_day_before=25
income_27_day_before=19
income_3_day_before=18
yesterday_growth_of_income_growth=16
income_12_day_before=14
latitude=13
money=11
income_10_day_before=11
income_14_day_before=11
weekday=10
longitude=9
income_4_day_before=9
yesterday_income_growth=8
income_18_day_before=8
income_23_day_before=8
income_11_day_before=7
mean_income_last_30_days=7
income_9_day_before=6
income_15_day_before=6
income_19_day_before=6
income_22_day_before=6
income_8_day_before=5
income_17_day_before=5
income_2_day_before=4
income_16_day_before=4
income_21_day_before=4
TID=3
day=3
income_25_day_before=3
income_26_day_before=3
income_24_day_before=2
income_28_day_before=1
income_29_day_before=1
income_30_day_before=1

parameters:
[boosting: gbdt]
[objective: regression]
[metric: l2]
[tree_learner: serial]
[device_type: cpu]
[data: ]
[valid: ]
[num_iterations: 25]
[learning_rate: 0.1]
[num_leaves: 31]
[num_threads: -1]
[deterministic: 0]
[force_col_wise: 0]
[force_row_wise: 0]
[histogram_pool_size: -1]
[max_depth: -1]
[min_data_in_leaf: 20]
[min_sum_hessian_in_leaf: 0.001]
[bagging_fraction: 0.7]
[pos_bagging_fraction: 1]
[neg_bagging_fraction: 1]
[bagging_freq: 0]
[bagging_seed: 3014]
[feature_fraction: 0.7]
[feature_fraction_bynode: 1]
[feature_fraction_seed: 29554]
[extra_trees: 0]
[extra_seed: 19515]
[early_stopping_round: 0]
[first_metric_only: 0]
[max_delta_step: 0]
[lambda_l1: 0]
[lambda_l2: 0]
[linear_lambda: 0]
[min_gain_to_split: 0]
[drop_rate: 0.1]
[max_drop: 50]
[skip_drop: 0.5]
[xgboost_dart_mode: 0]
[uniform_drop: 0]
[drop_seed: 12050]
[top_rate: 0.2]
[other_rate: 0.1]
[min_data_per_group: 100]
[max_cat_threshold: 32]
[cat_l2: 10]
[cat_smooth: 10]
[max_cat_to_onehot: 4]
[top_k: 20]
[monotone_constraints: ]
[monotone_constraints_method: basic]
[monotone_penalty: 0]
[feature_contri: ]
[forcedsplits_filename: ]
[refit_decay_rate: 0.9]
[cegb_tradeoff: 1]
[cegb_penalty_split: 0]
[cegb_penalty_feature_lazy: ]
[cegb_penalty_feature_coupled: ]
[path_smooth: 0]
[interaction_constraints: ]
[verbosity: -1]
[saved_feature_importance_type: 0]
[linear_tree: 0]
[max_bin: 255]
[max_bin_by_feature: ]
[min_data_in_bin: 3]
[bin_construct_sample_cnt: 200000]
[data_random_seed: 126]
[is_enable_sparse: 1]
[enable_bundle: 1]
[use_missing: 1]
[zero_as_missing: 0]
[feature_pre_filter: 1]
[pre_partition: 0]
[two_round: 0]
[header: 0]
[label_column: ]
[weight_column: ]
[group_column: ]
[ignore_column: ]
[categorical_feature: ]
[forcedbins_filename: ]
[precise_float_parser: 0]
[objective_seed: 25204]
[num_class: 1]
[is_unbalance: 0]
[scale_pos_weight: 1]
[sigmoid: 1]
[boost_from_average: 1]
[reg_sqrt: 0]
[alpha: 0.9]
[fair_c: 1]
[poisson_max_delta_step: 0.7]
[tweedie_variance_power: 1.5]
[lambdarank_truncation_level: 30]
[lambdarank_norm: 1]
[label_gain: ]
[eval_at: ]
[multi_error_top_k: 1]
[auc_mu_weights: ]
[num_machines: 1]
[local_listen_port: 12400]
[time_out: 120]
[machine_list_filename: ]
[machines: ]
[gpu_platform_id: -1]
[gpu_device_id: -1]
[gpu_use_dp: 0]
[num_gpu: 1]

end of parameters

pandas_categorical:[]
