tree
version=v3
num_class=1
num_tree_per_iteration=1
label_index=0
max_feature_idx=42
objective=regression
feature_names=TID money_in money longitude latitude day weekday yesterday_income_growth yesterday_growth_of_income_growth income_1_day_before income_2_day_before income_3_day_before income_4_day_before income_5_day_before income_6_day_before income_7_day_before income_8_day_before income_9_day_before income_10_day_before income_11_day_before income_12_day_before income_13_day_before income_14_day_before income_15_day_before income_16_day_before income_17_day_before income_18_day_before income_19_day_before income_20_day_before income_21_day_before income_22_day_before income_23_day_before income_24_day_before income_25_day_before income_26_day_before income_27_day_before income_28_day_before income_29_day_before income_30_day_before mean_income_all mean_income_last_30_days mean_income_last_7_days mean_income_last_3_days
feature_infos=[406136:699664] [0:2697000] [0:6019000] [35.500558769999998:39.842458970000003] [54.458422939999998:56.757842529999998] [1:31] [0:6] [-2214000:2697000] [-4911000:2697000] [0:2697000] [0:2697000] [0:2697000] [0:2697000] [0:2697000] [0:2697000] [0:2697000] [0:2697000] [0:2697000] [0:2697000] [0:2697000] [0:2697000] [0:2697000] [0:2697000] [0:2697000] [0:2697000] [0:2697000] [0:2697000] [0:2697000] [0:2697000] [0:2697000] [0:2697000] [0:2697000] [0:2697000] [0:2697000] [0:2697000] [0:2697000] [0:2697000] [0:2697000] [0:2697000] [2274.7252747252742:734461.5384615385] [0:843500] [0:917142.85714285716] [0:1247000]
tree_sizes=2836 2872 2855 2863 2870 2850 2899 2869 2885 2848 2849 2890 2904 2848 2862 2829 2863 2853 2837 2877 2841 2862 2849 2813 2847 2880 2855

Tree=0
num_leaves=31
num_cat=0
split_feature=39 39 39 39 4 39 39 10 39 11 39 39 39 13 39 21 39 18 7 18 39 11 18 8 11 39 9 24 13 0
split_gain=7.95447e+13 2.90083e+13 2.27065e+13 8.80604e+12 7.49379e+12 4.53706e+12 3.60807e+12 1.5953e+12 1.52384e+12 1.49254e+12 6.86188e+11 5.66762e+11 4.64639e+11 4.53477e+11 4.45496e+11 3.52231e+11 3.27436e+11 3.15596e+11 2.50802e+11 2.47692e+11 1.99511e+11 1.74757e+11 1.8241e+11 1.73604e+11 1.54721e+11 1.47142e+11 1.34383e+11 1.48945e+11 1.24379e+11 1.36657e+11
threshold=86670.32967032968 252285.71428571432 43005.494505494513 133060.43956043958 55.950833515000006 61302.197802197807 25016.48351648352 367500.00000000006 106637.36263736265 185500.00000000003 70543.956043956059 51142.857142857152 158895.60439560443 379000.00000000006 34230.769230769241 990500.00000000012 15302.197802197805 306000.00000000006 -43499.999999999993 210500.00000000003 120565.93406593408 69500.000000000015 83500.000000000015 -26499.999999999996 83500.000000000015 96813.186813186825 1.0000000180025095e-35 144500.00000000003 240500.00000000003 634541.00000000012
decision_type=2 2 2 2 2 2 2 10 2 10 2 2 2 10 2 8 2 10 10 10 2 8 8 10 10 2 8 8 8 2
left_child=2 3 6 8 7 11 16 17 25 12 -7 -4 21 -9 -8 23 -1 28 -15 -11 -10 22 -5 -6 -12 -2 27 -22 -3 -30
right_child=1 4 5 9 15 10 14 13 20 19 24 -13 -14 18 -16 -17 -18 -19 -20 -21 26 -23 -24 -25 -26 -27 -28 -29 29 -31
leaf_value=52054.12048469104 60156.71927747679 84196.384148739613 55700.42095306886 54668.480717677834 126519.47778248218 57576.455406391025 53978.799173280859 87456.384707550373 62336.438571469043 69756.755588281521 58499.564257249462 56596.219274599171 68129.105214181662 110796.38491045835 54868.13828088146 136356.38225420838 52979.609165869726 87634.016267366256 97081.385105770867 73323.892419577489 63776.838356836204 65425.898226646561 64229.598138869354 113501.38366045836 59371.377282487781 61174.325688249701 63900.752454352078 55289.076303687529 77627.76060792213 68414.717217005978
leaf_weight=7930 4026 20 13542 31 21 9577 9943 36 2196 605 6254 14762 790 20 12993 20 7381 38 40 287 44 1586 56 20 3018 2196 1869 39 69 21
leaf_count=7930 4026 20 13542 31 21 9577 9943 36 2196 605 6254 14762 790 20 12993 20 7381 38 40 287 44 1586 56 20 3018 2196 1869 39 69 21
internal_value=56646 63624.2 55499.6 62946.4 94127 56968.1 53689 86289.6 61505.6 67399.7 58170.1 56167.6 66130.3 96329.3 54482.6 125476 52500.3 79777.3 101653 70904.5 62990.3 65186.5 60822.8 120169 58783.3 60515.9 63725.9 59788.6 77063.2 75478.1
internal_weight=0 14030 85400 13725 305 47153 38247 244 10370 3355 18849 28304 2463 96 22936 61 15311 148 60 892 4148 1673 87 41 9272 6222 1952 83 110 90
internal_count=99430 14030 85400 13725 305 47153 38247 244 10370 3355 18849 28304 2463 96 22936 61 15311 148 60 892 4148 1673 87 41 9272 6222 1952 83 110 90
is_linear=0
shrinkage=1


Tree=1
num_leaves=31
num_cat=0
split_feature=39 39 39 39 4 39 39 39 10 39 39 11 39 13 39 11 21 18 27 39 17 39 11 18 22 17 18 17 42 42
split_gain=6.45372e+13 2.41805e+13 1.70268e+13 8.25632e+12 6.06997e+12 3.55818e+12 2.39013e+12 1.72615e+12 1.29219e+12 1.12298e+12 5.94433e+11 3.973e+11 3.88768e+11 3.67316e+11 3.19511e+11 2.93527e+11 2.92053e+11 2.55633e+11 2.45773e+11 1.95121e+11 1.52339e+11 1.45082e+11 1.31819e+11 1.28652e+11 1.27202e+11 1.12546e+11 1.04797e+11 1.00068e+11 9.85786e+10 8.83626e+10
threshold=82285.714285714304 252285.71428571432 40736.263736263747 126521.97802197804 55.950833515000006 58016.483516483524 23291.208791208792 158895.60439560443 367500.00000000006 102758.24175824177 68505.494505494527 200500.00000000003 48697.802197802208 379000.00000000006 31346.153846153855 139500.00000000003 800500.00000000012 306000.00000000006 530500.00000000012 13796.703296703299 202500.00000000003 89252.747252747271 113500.00000000001 44500.000000000007 114500.00000000001 294000.00000000006 151500.00000000003 230500.00000000003 77833.333333333358 146500.00000000003
decision_type=2 2 2 2 2 2 2 2 10 2 2 10 2 10 2 8 8 10 8 2 10 2 10 8 8 8 8 10 10 10
left_child=2 3 6 9 8 12 19 15 17 21 -7 26 -4 -10 -8 23 -6 25 -15 -1 29 -2 -11 -5 -22 -3 -9 -13 -12 -17
right_child=1 4 5 7 16 10 14 11 13 22 28 27 -14 18 -16 20 -18 -19 -20 -21 24 -23 -24 -25 -26 -27 -28 -29 -30 -31
leaf_value=-4206.7205761968435 2604.815960414553 20938.007663829292 -1019.6813434379507 2011.4701830667163 53053.501562500001 619.02824672061365 -2603.1124157150321 8221.6081756591793 27729.362082248263 4668.6989212844046 1448.4324933157327 13322.966883916441 -271.95194172285716 35980.762441406252 -1801.9276745217749 7431.4503843304665 67330.60608552632 27889.229276315793 49557.561875000007 -3458.3769137835898 19771.719033203128 3513.5682009757761 5821.9375262741887 6649.0961899009917 10361.996798406864 14382.749745639536 11062.282636072818 16725.145582134955 2144.1347566352356 9008.0599042014474
leaf_weight=6649 2928 67 14030 63 23 12139 8296 152 36 2002 5753 368 13786 40 12444 671 38 38 20 7320 20 4392 1963 1184 51 43 892 113 3153 756
leaf_count=6649 2928 67 14030 63 23 12139 8296 152 36 2002 5753 368 13786 40 12444 671 38 38 20 7320 20 4392 1963 1184 51 43 892 113 3153 756
internal_value=0 5848.17 -1109.87 5301.41 33732.9 93.1707 -2803.43 9046.79 26679.2 3884.24 1074.25 11744.3 -649.096 35715 -2122.4 7548.18 61947.4 20818.2 40506.4 -3814.58 8491.65 3150.07 5239.65 6414.8 13012.6 18375.5 10648.7 14122.2 1694.73 8266.71
internal_weight=0 15860 83570 15555 305 48861 34709 4270 244 11285 21045 1525 27816 96 20740 2745 61 148 60 13969 1498 7320 3965 1247 71 110 1044 481 8906 1427
internal_count=99430 15860 83570 15555 305 48861 34709 4270 244 11285 21045 1525 27816 96 20740 2745 61 148 60 13969 1498 7320 3965 1247 71 110 1044 481 8906 1427
is_linear=0
shrinkage=0.1


Tree=2
num_leaves=31
num_cat=0
split_feature=39 39 39 39 4 39 39 39 17 39 19 39 11 39 39 42 21 15 42 39 42 39 17 26 20 39 42 32 11 40
split_gain=5.22752e+13 1.95862e+13 1.38136e+13 6.69328e+12 4.91667e+12 2.61698e+12 2.20843e+12 1.53177e+12 9.8275e+11 7.83462e+11 3.91669e+11 3.76923e+11 3.64182e+11 3.32188e+11 3.02195e+11 2.61939e+11 2.54799e+11 2.27209e+11 2.25494e+11 1.78927e+11 1.45341e+11 1.41452e+11 1.4025e+11 1.3637e+11 1.12465e+11 1.08694e+11 1.0809e+11 1.01993e+11 1.00379e+11 9.70474e+10
threshold=82285.714285714304 252285.71428571432 42137.362637362654 125153.84615384617 55.950833515000006 59532.967032967041 23967.03296703297 171978.02197802201 381000.00000000006 101494.50549450552 400000.00000000006 68945.054945054959 138500.00000000003 51142.857142857152 32214.285714285721 205833.33333333334 990500.00000000012 454500.00000000006 339833.33333333337 14615.384615384619 49833.333333333336 145791.20879120883 381000.00000000006 800500.00000000012 58500.000000000007 115593.4065934066 89166.666666666672 311500.00000000006 100500.00000000001 176166.66666666672
decision_type=2 2 2 2 2 2 2 2 10 2 8 2 8 2 2 10 8 10 10 2 10 2 8 10 8 2 10 8 8 10
left_child=2 3 6 9 8 13 19 12 18 26 -10 -7 20 -4 -8 28 23 -12 22 -1 -5 29 27 -6 -23 -11 -2 -3 -9 -14
right_child=1 4 5 7 16 11 14 15 10 25 17 -13 21 -15 -16 -17 -18 -19 -20 -21 -22 24 -24 -25 -26 -27 -28 -29 -30 -31
leaf_value=-3745.5966727875912 2357.9280224369254 16265.500578567218 -794.52218020316332 462.5950214092548 56866.972023809532 648.45771231612923 -2286.286135290512 4218.7544416155133 22082.862071161686 4149.6651309735134 45506.031960227272 1546.7825790276183 7103.9358033544304 -100.99765533154645 -1533.2173840726973 13381.377970593659 65006.300000000003 32537.089107142856 27109.882348632815 -3041.484473425553 5850.3887132208856 15903.606585984002 11171.5107421875 45329.089375000003 8500.0522923548488 5229.8047670583255 3149.6685749399603 22469.378382959909 10303.682466610264 236.22631138392859
leaf_weight=7503 3163 53 14823 52 21 10309 8662 28 23 2562 22 8540 1019 12932 13847 339 20 35 32 6954 1348 21 26 20 894 1464 3791 53 853 21
leaf_count=7503 3163 53 14823 52 21 10309 8662 28 23 2562 22 8540 1019 12932 13847 339 20 35 32 6954 1348 21 26 20 894 1464 3791 53 853 21
internal_value=0 5263.35 -998.885 4771.27 30359.6 146.15 -2442.46 7984.86 24011.3 3432.28 33098 1055.47 6881.45 -471.385 -1823.02 11019.2 55752.7 37542.6 19578.8 -3406.91 5650.27 7763.12 17753.1 51238.7 8669.97 4542.44 2789.55 19367.4 10110.3 6965.26
internal_weight=0 15860 83570 15555 305 46604 36966 4575 244 10980 80 18849 3355 27755 22509 1220 61 57 164 14457 1400 1955 132 41 915 4026 6954 106 881 1040
internal_count=99430 15860 83570 15555 305 46604 36966 4575 244 10980 80 18849 3355 27755 22509 1220 61 57 164 14457 1400 1955 132 41 915 4026 6954 106 881 1040
is_linear=0
shrinkage=0.1


Tree=3
num_leaves=31
num_cat=0
split_feature=39 39 39 39 10 39 39 39 29 18 39 39 20 42 2 16 39 39 42 37 39 42 39 34 9 18 18 39 26 18
split_gain=4.24039e+13 1.61023e+13 1.07118e+13 5.86495e+12 3.79109e+12 2.15842e+12 1.52953e+12 1.24846e+12 1.0906e+12 7.96174e+11 7.50781e+11 3.64913e+11 3.47573e+11 2.76458e+11 2.27506e+11 3.07237e+11 2.15177e+11 2.10394e+11 1.88004e+11 1.68073e+11 1.24283e+11 1.21375e+11 1.19255e+11 1.18144e+11 1.11204e+11 1.01415e+11 8.87313e+10 8.56194e+10 8.17275e+10 6.71109e+10
threshold=80351.648351648371 252285.71428571432 40428.571428571442 125153.84615384617 513500.00000000006 56357.142857142862 22428.571428571431 158895.60439560443 567000.00000000012 345500.00000000006 98329.670329670349 67423.076923076951 967000.00000000012 196166.66666666669 739000.00000000012 315500.00000000006 29983.516483516487 47291.208791208795 141166.66666666672 369500.00000000006 12170.329670329673 49833.333333333336 113109.89010989011 1.0000000180025095e-35 359500.00000000006 81500.000000000015 151500.00000000003 89252.747252747271 492500.00000000006 230500.00000000003
decision_type=2 2 2 2 10 2 2 2 8 10 2 2 8 10 2 8 2 2 8 8 2 10 2 8 8 8 8 2 8 10
left_child=2 3 6 10 9 17 20 18 -6 14 27 -7 -10 26 15 -3 -8 -4 21 -11 -1 -5 -12 -20 -16 -25 -9 -2 -21 -15
right_child=1 4 5 7 8 11 16 13 12 19 22 -13 -14 29 24 -17 -18 -19 23 28 -22 -23 -24 25 -26 -27 -28 -29 -30 -31
leaf_value=-3498.8785840314613 2037.1522540938129 16818.999813304228 -887.5096367332585 527.42105781987027 28912.486093750005 421.34794827033642 -2184.0388205514714 6351.595356023392 47775.16865530303 20718.017119140626 3564.2803057697465 1253.9663830345733 64232.258928571435 10839.288255891748 17786.972807459679 3854.5630000000001 -1510.0227685798727 -321.39710048460017 13482.337131911057 26736.813346354171 -2875.6500892307768 5398.8217145376148 4593.3358476820149 2208.6721221301023 27211.741350446428 6833.8293491251097 8986.8039033105142 2724.6050260647471 34229.586021959462 13594.260052751069
leaf_weight=5185 4026 68 12200 53 25 12871 7320 149 33 20 2928 8906 21 362 31 25 13420 14213 26 24 8357 1463 1830 49 21 1459 897 3294 37 117
leaf_count=5185 4026 68 12200 53 25 12871 7320 149 33 20 2928 8906 21 362 31 25 13420 14213 26 24 8357 1463 1830 49 21 1459 897 3294 37 117
internal_value=0 4554.18 -936.437 4137.16 27323.6 24.8051 -2287.65 7186.37 46180.6 20732 2982.15 761.859 54175.1 9522.56 16295.9 13333.9 -1747.91 -582.881 6018.28 28673.3 -3114.27 5228.52 3960.07 6798.78 21593.1 6683.54 8611.43 2346.51 31281.6 11512.2
internal_weight=0 16958 82472 16653 305 48190 34282 4575 79 226 12078 21777 54 1525 145 93 20740 26413 3050 81 13542 1516 4758 1534 52 1508 1046 7320 61 479
internal_count=99430 16958 82472 16653 305 48190 34282 4575 79 226 12078 21777 54 1525 145 93 20740 26413 3050 81 13542 1516 4758 1534 52 1508 1046 7320 61 479
is_linear=0
shrinkage=0.1


Tree=4
num_leaves=31
num_cat=0
split_feature=39 39 39 39 4 39 39 39 10 39 11 39 15 12 39 11 5 39 25 11 11 12 2 42 11 17 39 11 25 17
split_gain=3.43504e+13 1.31648e+13 8.42074e+12 4.98555e+12 3.26189e+12 1.62654e+12 1.2454e+12 1.01741e+12 7.08609e+11 6.71714e+11 2.57435e+11 2.54455e+11 2.20333e+11 2.52481e+11 2.01094e+11 1.95934e+11 1.91905e+11 1.72666e+11 1.3504e+11 1.05891e+11 1.04287e+11 1.10822e+11 1.51319e+11 1.03533e+11 1.00677e+11 9.97255e+10 8.42439e+10 8.14371e+10 7.97507e+10 9.6453e+10
threshold=78873.626373626394 252285.71428571432 40428.571428571442 125153.84615384617 55.950833515000006 56357.142857142862 21445.054945054948 171978.02197802201 367500.00000000006 98329.670329670349 138500.00000000003 65763.736263736282 347000.00000000006 396000.00000000006 30857.142857142859 219500.00000000003 20.500000000000004 48115.384615384624 292500.00000000006 112500.00000000001 49500.000000000007 140500.00000000003 302500.00000000006 159833.33333333334 88500.000000000015 243500.00000000003 11302.197802197805 153500.00000000003 89500.000000000015 162500.00000000003
decision_type=2 2 2 2 2 2 2 2 10 2 8 2 8 10 2 10 2 2 10 10 10 8 2 10 10 10 2 8 10 10
left_child=2 3 6 9 8 17 26 10 18 24 20 -7 -10 -14 -8 27 -6 -4 -3 -11 21 22 -5 -12 -2 -25 -1 -9 -13 -30
right_child=1 4 5 7 16 11 14 15 12 19 23 28 13 -15 -16 -17 -18 -19 -20 -21 -22 -23 -24 25 -26 -27 -28 -29 29 -31
leaf_value=-3203.1232289108389 1735.433644050825 13304.867974076706 -778.50601348432497 5348.8876911272328 49338.369531250006 334.21503884178469 -1952.7524356876229 5974.4214396158859 35165.381063988098 3158.5079517364502 5811.4716623433815 944.29056281922294 14272.646651785713 27194.897309027776 -1335.1982848576051 11375.848307542068 37533.296279761904 -267.1367251190174 20219.585072888829 4112.8278471336407 4816.4429557172562 6404.0470352564107 -2875.4832409274195 7136.6535045516248 2444.327818238392 14146.798711867561 -2659.6896858993609 8648.9344263049134 1767.026205215358 7638.6483381600228
leaf_weight=4331 4304 110 13298 35 40 11407 9150 132 21 2736 1331 8816 21 54 12444 260 21 13115 38 2022 1264 39 62 603 3748 21 8357 828 793 29
leaf_count=4331 4304 110 13298 35 40 11407 9150 132 21 2736 1331 8816 21 54 12444 260 21 13115 38 2022 1264 39 62 603 3748 21 8357 828 793 29
internal_value=0 3995.4 -864.677 3634.07 24591.3 -2.02373 -2058.88 6467.74 19420.5 2622.05 5568.47 653.838 26111.7 23576.7 -1596.87 8940.71 45274.3 -524.593 15080.3 3564.06 4533.34 1902.12 92.0733 6309.75 2065.41 7372.57 -2845.19 8281.19 1032.13 1974.18
internal_weight=0 17690 81740 17385 305 47458 34282 4575 244 12810 3355 21045 96 75 21594 1220 61 26413 148 4758 1400 136 97 1955 8052 624 12688 960 9638 822
internal_count=99430 17690 81740 17385 305 47458 34282 4575 244 12810 3355 21045 96 75 21594 1220 61 26413 148 4758 1400 136 97 1955 8052 624 12688 960 9638 822
is_linear=0
shrinkage=0.1


Tree=5
num_leaves=31
num_cat=0
split_feature=39 39 39 39 10 39 39 21 39 18 11 39 39 39 2 17 18 13 39 18 25 11 11 11 17 32 10 36 20 18
split_gain=2.78877e+13 9.96831e+12 8.27057e+12 3.01873e+12 2.56099e+12 1.56526e+12 1.43626e+12 8.7192e+11 5.90522e+11 5.33599e+11 4.28059e+11 2.61127e+11 1.93885e+11 1.8595e+11 1.63024e+11 2.59425e+11 1.58743e+11 1.54036e+11 1.52528e+11 1.25533e+11 1.25436e+11 1.21597e+11 9.05667e+10 9.0378e+10 8.62334e+10 8.46538e+10 7.7347e+10 7.08846e+10 6.45481e+10 6.44724e+10
threshold=87912.087912087925 252285.71428571432 45186.813186813197 141604.39560439563 513500.00000000006 27324.175824175833 61923.076923076929 800500.00000000012 108791.20879120882 345500.00000000006 185500.00000000003 73714.285714285725 18461.538461538468 36390.109890109896 739000.00000000012 294000.00000000006 44500.000000000007 573500.00000000012 53780.219780219784 210500.00000000003 517000.00000000006 116500.00000000001 339000.00000000006 60500.000000000007 54500.000000000007 485500.00000000006 164500.00000000003 46500.000000000007 93500.000000000015 178500.00000000003
decision_type=2 2 2 2 10 2 2 8 2 10 10 2 2 2 2 8 8 10 2 10 8 10 8 10 8 8 8 8 10 10
left_child=2 3 5 8 9 12 18 17 -2 14 16 -8 -1 -7 15 25 23 -6 -4 -12 -11 24 -16 -5 28 -3 -18 -26 -10 -23
right_child=1 4 6 10 7 13 11 -9 21 20 19 -13 -14 -15 22 -17 26 -19 -20 -21 -22 29 -24 -25 27 -27 -28 -29 -30 -31
leaf_value=-2636.8463551262125 2396.4743039977598 11246.31174200149 -401.97604947082067 -4043.457544708252 21714.268619791666 -1457.924529297449 669.04605752006569 48823.881630067568 -3281.841333770752 20355.385878537738 7786.6285657137478 1436.5027233721748 -1946.6055280634098 -906.39304304170992 13229.856937500001 2317.8566261574074 5501.7416146611504 33826.290029761905 92.408020654664853 10351.935685939521 28629.800558035717 4250.6419231648188 21582.692947048614 4466.4338416466344 8137.7253601074226 18691.314122517906 6807.9072954472713 3388.0154697791777 2248.2813482469132 6324.6617987823483
leaf_weight=10980 5856 42 14152 24 21 10797 11102 37 32 53 581 7381 6466 14091 25 27 1002 21 11163 284 28 2370 27 26 32 24 828 1736 62 160
leaf_count=10980 5856 42 14152 24 21 10797 11102 37 32 53 581 7381 6466 14091 25 27 1002 21 11163 284 28 2370 27 26 32 24 828 1736 62 160
internal_value=0 4262.23 -658.05 3842.75 22132.1 -1654.76 305.342 37630.8 3053.87 16714.5 6787.89 975.522 -2381.02 -1145.66 13082.7 10575.5 5940.84 27770.3 -183.971 8628.88 23215.7 3930.41 17566.9 381.686 3317.07 13953.6 6092.73 3473.98 365.686 4381.81
internal_weight=0 13298 86132 12993 305 42334 43798 79 10248 226 2745 18483 17446 24888 145 93 1880 42 25315 865 81 4392 52 50 1862 66 1830 1768 94 2530
internal_count=99430 13298 86132 12993 305 42334 43798 79 10248 226 2745 18483 17446 24888 145 93 1880 42 25315 865 81 4392 52 50 1862 66 1830 1768 94 2530
is_linear=0
shrinkage=0.1


Tree=6
num_leaves=31
num_cat=0
split_feature=42 42 42 42 15 1 42 41 17 42 1 42 42 1 12 18 25 41 11 26 12 9 21 18 18 41 11 9 42 41
split_gain=2.06852e+13 7.43013e+12 5.19216e+12 3.58564e+12 1.07188e+12 1.02186e+12 8.65667e+11 6.42905e+11 5.94731e+11 5.39304e+11 5.05572e+11 3.96488e+11 3.78131e+11 3.576e+11 2.86849e+11 2.53071e+11 2.30482e+11 2.00597e+11 1.6381e+11 1.53414e+11 1.43589e+11 1.32005e+11 1.28718e+11 1.12528e+11 1.05347e+11 9.87466e+10 9.58357e+10 9.54336e+10 9.25473e+10 8.48187e+10
threshold=80500.000000000015 339833.33333333337 39833.333333333336 133833.33333333334 646000.00000000012 57500.000000000007 189166.66666666669 25071.428571428576 344500.00000000006 105166.66666666667 327500.00000000006 49833.333333333336 63500.000000000007 135500.00000000003 373000.00000000006 230500.00000000003 172500.00000000003 1.0000000180025095e-35 104500.00000000001 276500.00000000006 18500.000000000004 135500.00000000003 800500.00000000012 82500.000000000015 125500.00000000001 62357.142857142862 508000.00000000006 30500.000000000004 30833.333333333339 57071.42857142858
decision_type=10 10 8 10 10 2 10 8 10 10 2 10 8 2 8 10 10 10 10 10 8 8 8 10 10 10 10 10 10 8
left_child=2 3 7 9 14 11 16 17 15 23 12 27 -7 -14 19 20 18 -1 -5 -3 -8 -15 -6 -2 -11 28 -16 -4 -9 -13
right_child=1 4 5 6 22 10 8 25 -10 24 -12 29 13 21 26 -17 -18 -19 -20 -21 -22 -23 -24 -25 -26 -27 -28 -29 -30 -31
leaf_value=596.31984824115079 1320.8574485911013 6224.828061523438 -1357.8768947125373 993.52535786484225 31775.504101562503 -0.97624058574780426 2206.6788212367469 -1536.0803000685748 25499.180839843753 2820.1998683211295 15008.604638671875 -213.5368255500203 749.68150408512577 1993.5958781084225 19824.87271484375 10984.588038447133 6632.7372139353974 -2196.3704495851957 4621.0378605082533 18462.527157738095 7510.0002755452197 5649.8776428222664 42744.708865489134 2048.6114506802519 3955.3831614221972 1602.646380161254 26591.568272569446 -640.91728751579535 -1070.851665587988 305.87883054456228
leaf_weight=262 3679 20 2139 132 20 9141 56 7308 20 3049 24 7362 11950 199 50 219 587 14051 2187 21 578 196 23 5029 1117 121 36 14061 10306 5487
leaf_count=262 3679 20 2139 132 20 9141 56 7308 20 3049 24 7362 11950 199 50 219 587 14051 2187 21 578 196 23 5029 1117 121 36 14061 10306 5487
internal_value=0 3196.16 -650.901 2983.82 23996.4 -19.7009 5692.18 -1646.68 8453.57 2188.82 502.747 -406.559 486.543 847.533 19376 8053.9 4862.62 -2145.25 4414.56 12492.9 7041.57 3807.85 37642.8 1741.15 3124.57 -1244.32 22657.4 -735.583 -1263.87 8.27294
internal_weight=0 16823 82607 16653 170 50559 3779 32048 873 12874 21510 29049 21486 12345 127 853 2906 14313 2319 41 634 395 43 8708 4166 17735 86 16200 17614 12849
internal_count=99430 16823 82607 16653 170 50559 3779 32048 873 12874 21510 29049 21486 12345 127 853 2906 14313 2319 41 634 395 43 8708 4166 17735 86 16200 17614 12849
is_linear=0
shrinkage=0.1


Tree=7
num_leaves=31
num_cat=0
split_feature=39 39 39 39 4 39 39 12 39 3 39 18 4 8 11 39 42 18 39 13 39 12 13 25 40 17 8 11 39 11
split_gain=1.85982e+13 7.19223e+12 4.42958e+12 2.83183e+12 1.76109e+12 9.11135e+11 6.74965e+11 5.96015e+11 5.89026e+11 4.0051e+11 2.95797e+11 2.48102e+11 2.18924e+11 1.7673e+11 1.3373e+11 1.25786e+11 1.2146e+11 1.10134e+11 1.13245e+11 1.21864e+11 9.55544e+10 8.91091e+10 8.16128e+10 7.47273e+10 6.43091e+10 8.75957e+10 5.79624e+10 5.76199e+10 5.99484e+10 5.34222e+10
threshold=77708.791208791212 252285.71428571432 38445.054945054952 120565.93406593408 55.950833515000006 56357.142857142862 158895.60439560443 156500.00000000003 19703.29670329671 37.97622848000001 93934.065934065948 247500.00000000003 55.543903175000004 186500.00000000003 219500.00000000003 45978.021978021985 67166.666666666672 66500.000000000015 145791.20879120883 1.0000000180025095e-35 29296.703296703301 306000.00000000006 105500.00000000001 120500.00000000001 176166.66666666672 206500.00000000003 -1.0000000180025095e-35 99500.000000000015 200807.69230769234 97500.000000000015
decision_type=2 2 2 2 2 2 2 8 2 2 2 10 2 10 10 2 10 8 2 8 2 10 10 10 10 10 10 8 2 10
left_child=2 3 8 10 7 15 17 -3 -1 11 29 12 -9 -6 27 -4 -7 22 24 -20 -10 -13 -5 -12 25 -19 -27 -8 -29 -2
right_child=1 4 5 6 13 16 14 9 20 -11 23 21 -14 -15 -16 -17 -18 18 19 -21 -22 -23 -24 -25 -26 26 -28 28 -30 -31
leaf_value=-2149.0133754376079 1253.1097250361445 30837.34838134766 -665.41883457440929 -2017.3128810508579 37193.941425781253 249.75121264517608 1958.3463002522785 -3452.5211816406249 -1504.1376350706641 19732.391854508198 2208.8099747102365 10300.66596771816 9415.9048114483176 25865.238253348216 8376.5982939749065 -242.82256918010501 746.52836968599229 3607.1204961815924 11561.499797453704 4736.275120949037 -1065.1803041564963 16156.041283700979 2801.9060524999568 3251.7832231348643 -1515.3560831705729 12015.234443359375 5017.5048499797958 5777.3969407909981 8056.4625832727725 1921.0734865406148
leaf_weight=11407 5812 20 12078 51 40 11940 36 20 8601 61 4685 53 39 21 264 16897 8373 2677 27 841 11712 51 113 805 24 20 29 1096 129 1508
leaf_count=11407 5812 20 12078 51 40 11940 36 20 8601 61 4685 53 39 21 264 16897 8373 2677 27 841 11712 51 113 805 24 20 29 1096 129 1508
internal_value=0 2867.95 -652.201 2611.58 18096.4 -58.9837 4553.99 14297.1 -1573.97 12820.3 1806.87 10233.5 5053.73 33293.9 6329.99 -418.978 454.522 3837.87 3952.76 4948.58 -1251.05 13172.1 1303.25 2361.74 3638.44 3683.81 7873.72 5901.52 6017.4 1390.72
internal_weight=0 18422 81008 18117 305 49288 5307 244 31720 224 12810 163 59 61 1525 28975 20313 3782 3618 868 20313 104 164 5490 2750 2726 49 1261 1225 7320
internal_count=99430 18422 81008 18117 305 49288 5307 244 31720 224 12810 163 59 61 1525 28975 20313 3782 3618 868 20313 104 164 5490 2750 2726 49 1261 1225 7320
is_linear=0
shrinkage=0.1


Tree=8
num_leaves=31
num_cat=0
split_feature=42 13 42 42 18 42 42 18 9 41 11 15 11 11 2 41 9 11 18 4 9 25 42 25 15 21 17 17 11 25
split_gain=1.36319e+13 4.92128e+12 3.43091e+12 2.49725e+12 1.02274e+12 6.97941e+11 6.30799e+11 5.53134e+11 4.72508e+11 4.23903e+11 2.91762e+11 2.67746e+11 1.57052e+11 1.50671e+11 1.40051e+11 1.36588e+11 1.30623e+11 2.41799e+11 1.2687e+11 1.23861e+11 1.22692e+11 1.14492e+11 1.14229e+11 1.06731e+11 8.85636e+10 8.78845e+10 8.39965e+10 8.37547e+10 7.83547e+10 7.53928e+10
threshold=80500.000000000015 435500.00000000006 39833.333333333336 152166.66666666672 655500.00000000012 59500.000000000007 108833.33333333336 247500.00000000003 176500.00000000003 24071.428571428576 396000.00000000006 853000.00000000012 313500.00000000006 138500.00000000003 628500.00000000012 1.0000000180025095e-35 223500.00000000003 289500.00000000006 138500.00000000003 55.618746810000012 85500.000000000015 87500.000000000015 49833.333333333336 73500.000000000015 121500.00000000001 59500.000000000007 38500.000000000007 167500.00000000003 276500.00000000006 116500.00000000001
decision_type=10 10 8 10 8 10 10 10 10 8 10 8 10 10 2 10 10 10 10 2 10 10 10 10 8 10 10 8 10 10
left_child=2 3 9 6 10 8 21 13 20 15 -3 -6 -9 29 -10 19 27 -18 -8 25 22 -2 -4 -7 -22 -1 -11 28 -15 -5
right_child=1 4 5 7 11 23 18 12 14 26 -12 -13 -14 16 -16 -17 17 -19 -20 -21 24 -23 -24 -25 -26 -27 -28 -29 -30 -31
leaf_value=1867.7772241921259 1163.2474034761594 6219.20548122951 -492.50511970165229 321.15367348988855 38291.632150957666 357.41414284939424 2578.8940583801118 8672.3748528557862 5024.5258414132259 -1156.8649635095755 18798.173954716436 24051.507880434787 14850.13240131579 4327.8052063196474 14773.1106640625 -1806.1934759332796 6413.2519568971302 17616.825678943453 3779.2062216801628 -916.24152284705133 -246.21250172142223 1868.4709486440679 -105.80380333452341 938.06652247194563 1600.8412862099617 9555.0895800781254 -678.59116187467089 5458.6289746309303 50.9685118302055 4207.376596245399
leaf_weight=58 5440 28 19246 96 31 13377 3696 148 56 13401 54 23 57 623 20 13327 233 21 1156 184 476 3991 12666 4147 571 20 5058 1076 46 104
leaf_count=58 5440 28 19246 96 31 13377 3696 148 56 13401 54 23 57 623 20 13327 233 21 1156 184 476 3991 12666 4147 571 20 5058 1076 46 104
internal_value=0 2594.64 -528.401 2440.23 21540.2 -15.306 1938.35 5422.07 -285.913 -1337.86 14502.9 32226.4 10390.1 4958.93 7589.94 -1761.74 5220.76 7339.53 2864.87 499.406 -304.074 1461.68 -339.022 494.824 761.111 3838.88 -1025.81 4912.35 4033.73 2341.99
internal_weight=0 16823 82607 16687 136 50559 14283 2404 33035 32048 82 54 205 2199 76 13589 1999 254 4852 262 32959 9431 31912 17524 1047 78 18459 1745 669 200
internal_count=99430 16823 82607 16687 136 50559 14283 2404 33035 32048 82 54 205 2199 76 13589 1999 254 4852 262 32959 9431 31912 17524 1047 78 18459 1745 669 200
is_linear=0
shrinkage=0.1


Tree=9
num_leaves=31
num_cat=0
split_feature=39 39 39 39 4 39 39 12 39 2 39 18 0 12 39 39 18 39 18 33 9 8 17 12 25 25 17 42 33 39
split_gain=1.24626e+13 4.55372e+12 3.41026e+12 1.55853e+12 1.18215e+12 6.38251e+11 5.84197e+11 5.07042e+11 3.24909e+11 2.70308e+11 2.3125e+11 1.84849e+11 1.70991e+11 1.63311e+11 1.25875e+11 9.96171e+10 8.61511e+10 7.62075e+10 7.49042e+10 7.72406e+10 6.77001e+10 9.3256e+10 7.12385e+10 6.36885e+10 6.1201e+10 6.08167e+10 6.4896e+10 5.69377e+10 5.64976e+10 5.42616e+10
threshold=83862.637362637368 252285.71428571432 43285.71428571429 135483.51648351652 55.950833515000006 60736.26373626374 20236.26373626374 156500.00000000003 106637.36263736265 1158500.0000000002 177840.65934065936 247500.00000000003 676433.00000000012 788000.00000000012 34835.16483516484 70543.956043956059 147500.00000000003 51708.791208791219 66500.000000000015 21500.000000000004 200500.00000000003 137500.00000000003 54500.000000000007 396000.00000000006 225500.00000000003 100500.00000000001 154500.00000000003 120500.00000000001 113500.00000000001 10005.494505494507
decision_type=2 2 2 2 2 2 2 8 2 2 2 10 2 10 2 2 8 2 8 8 10 8 8 10 10 10 10 10 8 2
left_child=2 3 6 8 7 17 29 -3 -2 11 18 12 -9 -6 -8 -7 -12 -4 28 -20 22 -22 -10 -13 -18 -17 -27 -24 -5 -1
right_child=1 4 5 10 13 15 14 9 20 -11 16 23 -14 -15 -16 25 24 -19 19 -21 21 -23 27 -25 -26 26 -28 -29 -30 -31
leaf_value=-2113.8223465286005 1462.3339555054026 26880.983793945314 -356.42863602540035 -3838.2294335937499 32449.055598958334 357.82327305217154 -1110.2222287042812 7522.0926713992394 432.57588785807297 15941.521746926232 1200.3322631835938 9429.6120305440509 -3850.6543467712399 22099.261233618952 -676.22255115220651 753.22358576137663 5574.9148320856893 -20.87285914490916 8903.9306388608875 3874.3538798324234 3290.356491476392 9125.2386314174109 2207.472777540584 15594.122693452382 7830.4182834201392 1583.8359793492048 6298.3801844443042 2952.5159583692162 2399.4585440005899 -1624.2508154493457
leaf_weight=3050 7320 20 14274 20 30 10309 14274 39 165 61 40 83 20 31 12566 7641 731 12871 31 2031 126 35 2221 21 144 502 31 1906 53 8784
leaf_count=3050 7320 20 14274 20 30 10309 14274 39 165 61 40 83 20 31 12566 7641 731 12871 31 2031 126 35 2221 21 144 502 31 1906 53 8784
internal_value=0 2642.85 -474.26 2393.98 14738 111.296 -1165.11 11625.1 1872.07 10263 4408.56 8137.93 3666.92 27189.3 -907.031 564.547 5738.64 -197.322 3838.52 3949.97 2545.62 4558.81 2470.1 10674.4 5946.11 825.265 1858.04 2551.56 690.503 -1750.43
internal_weight=0 15128 84302 14823 305 45628 38674 244 11773 224 3050 163 59 61 26840 18483 915 27145 2135 2062 4453 161 4292 104 875 8174 533 4127 73 11834
internal_count=99430 15128 84302 14823 305 45628 38674 244 11773 224 3050 163 59 61 26840 18483 915 27145 2135 2062 4453 161 4292 104 875 8174 533 4127 73 11834
is_linear=0
shrinkage=0.1


Tree=10
num_leaves=31
num_cat=0
split_feature=39 39 39 10 39 39 32 39 39 24 39 17 39 2 17 29 25 42 25 32 10 25 28 27 12 22 40 42 25 42
split_gain=1.01306e+13 3.54538e+12 3.04334e+12 1.07048e+12 1.0658e+12 6.18517e+11 5.69131e+11 5.27247e+11 1.99253e+11 1.96495e+11 1.68222e+11 1.31459e+11 1.13828e+11 9.56378e+10 1.97312e+11 9.33663e+10 8.27661e+10 7.90947e+10 7.81959e+10 7.29112e+10 6.63847e+10 5.91248e+10 5.58417e+10 8.86056e+10 7.62258e+10 5.58427e+10 5.39275e+10 7.9678e+10 5.22133e+10 4.98019e+10
threshold=89252.747252747271 252285.71428571432 45978.021978021985 513500.00000000006 141604.39560439563 28780.219780219784 796500.00000000012 64796.703296703301 115593.4065934066 376000.00000000006 187060.43956043958 860000.00000000012 16384.615384615387 739000.00000000012 294000.00000000006 319000.00000000006 162500.00000000003 54166.666666666679 83500.000000000015 485500.00000000006 392000.00000000006 33500.000000000007 126500.00000000001 59500.000000000007 146500.00000000003 146500.00000000003 176166.66666666672 189166.66666666669 120500.00000000001 41166.666666666679
decision_type=2 2 2 10 2 2 8 2 2 10 2 8 2 2 8 8 8 10 10 8 8 8 8 10 8 10 10 10 10 8
left_child=2 4 5 9 8 12 -5 17 28 13 22 -8 -1 14 15 -3 -12 -4 -9 -11 -15 -7 23 -6 -24 -25 27 29 -2 -10
right_child=1 3 7 6 10 21 11 18 26 19 16 -13 -14 20 -16 -17 -18 -19 -20 -21 -22 -23 24 25 -26 -27 -28 -29 -30 -31
leaf_value=-1665.4091745276746 1458.5618627477829 5750.2295247395841 -225.26322132842631 14468.036515085321 11240.746036044035 -938.56832960015572 37258.06893676758 567.66378699074653 -2498.6236718750001 10857.767759486607 1103.8599485739685 25929.818787202385 -1176.422789365876 8757.3283138352999 -1522.2046799879809 13287.483391203707 5865.3275374805035 113.68821829988811 1125.9699045438992 17795.635144412878 15477.423586309524 -563.03618545979225 2516.6796129635154 5890.8970222874696 3908.2872302188243 2302.5823709542415 -2218.9175740559895 6421.850338979868 2404.5493651600859 2507.0386527791929
leaf_weight=8845 5941 42 13302 38 22 5357 20 11953 20 28 39 21 10309 49 26 27 571 14270 3175 33 21 19287 551 114 1378 70 24 52 647 3198
leaf_count=8845 5941 42 13302 38 22 5357 20 11953 20 28 39 21 10309 49 26 27 571 14270 3175 33 21 19287 551 114 1378 70 24 52 647 3198
internal_value=0 2610.53 -390.291 13264.2 2353.19 -975.969 23284.5 210.448 1868.98 9761.52 4096.36 31455.8 -1402.23 7968.66 5902.05 8699.59 5560.91 -49.8375 684.839 14611 10773.4 -644.668 3677.92 5242.91 3510.79 4525.78 2504.01 2538.68 1551.47 2475.93
internal_weight=0 12932 86498 305 12627 43798 79 42700 9882 226 2745 41 19154 165 95 69 610 27572 15128 61 70 24644 2135 206 1929 184 3294 3270 6588 3218
internal_count=99430 12932 86498 305 12627 43798 79 42700 9882 226 2745 41 19154 165 95 69 610 27572 15128 61 70 24644 2135 206 1929 184 3294 3270 6588 3218
is_linear=0
shrinkage=0.1


Tree=11
num_leaves=31
num_cat=0
split_feature=42 17 42 42 19 42 42 5 11 9 42 11 11 8 32 41 11 9 8 17 41 11 41 4 9 5 11 17 11 11
split_gain=7.33655e+12 2.50086e+12 2.37973e+12 8.66257e+11 5.42039e+11 5.07583e+11 4.45809e+11 2.55545e+11 2.50117e+11 2.46073e+11 1.98262e+11 1.54245e+11 9.22567e+10 8.82489e+10 8.78958e+10 8.46441e+10 9.36069e+10 7.8251e+10 1.04002e+11 7.76352e+10 6.97231e+10 8.02049e+10 9.05531e+10 7.96113e+10 6.56982e+10 6.31397e+10 5.73696e+10 5.548e+10 5.50045e+10 5.42449e+10
threshold=95166.666666666672 381000.00000000006 46500.000000000007 159833.33333333334 492500.00000000006 66833.333333333358 28500.000000000004 11.500000000000002 373000.00000000006 205500.00000000003 220833.33333333334 121500.00000000001 655500.00000000012 -123499.99999999999 51500.000000000007 186642.85714285716 427000.00000000006 34500.000000000007 49500.000000000007 65500.000000000007 1.0000000180025095e-35 16500.000000000004 73071.428571428594 55.618746810000012 89500.000000000015 12.500000000000002 83500.000000000015 33500.000000000007 62500.000000000007 178500.00000000003
decision_type=10 10 8 10 8 10 10 2 10 10 10 10 10 8 8 8 10 8 8 8 8 10 10 2 10 2 10 8 8 10
left_child=2 3 6 11 8 9 20 -6 -3 17 14 -2 -9 -13 -5 -12 -17 18 -4 -7 23 22 -22 -1 -19 -25 -21 -8 -26 -15
right_child=1 4 5 10 7 19 27 12 -10 -11 15 13 -14 29 -16 16 -18 24 -20 26 21 -23 -24 25 28 -27 -28 -29 -30 -31
leaf_value=3099.1893298026844 1502.4121661710649 -257.68168945312499 231.97456638652707 -1780.1095589999495 29648.819287109378 238.19103215769584 -803.94379125853652 13109.017809606481 13006.855322265626 7040.970556889748 1669.4370466902449 1183.5215184131814 21231.938419315735 2501.1538996661179 3775.1580534506088 6250.6494591309365 12726.549003092448 -42.2632911074246 -1352.1639524869227 610.48915836398601 -1425.6915631593183 -1000.2505508854574 5147.7210611979172 -3550.0414080255682 -75.585952866790635 496.49856882021413 1059.9535452224898 -451.83341368411703 1355.1525424098818 4994.4678868272567
leaf_weight=78 5170 21 699 29 24 3388 6099 27 44 49 37 537 29 2864 1592 319 24 28104 1018 7539 10149 8836 21 55 468 129 4556 16804 631 90
leaf_count=78 5170 21 699 29 24 3388 6099 27 44 49 37 537 29 2864 1592 319 24 28104 1018 7539 10149 8836 21 55 468 129 4556 16804 631 90
internal_value=0 2459.85 -299.962 2282.44 15504.4 193.775 -843.821 21015.5 8721.39 -39.9556 4157.72 1849.19 17315.5 2362.75 3675.77 6213.59 6703.77 -51.177 -707.253 661.281 -1198.3 -1220.64 -1412.12 421.881 -12.6028 -713.065 779.795 -545.599 745.884 2577.12
internal_weight=0 10807 88623 10662 145 46452 42171 80 65 30969 2001 8661 56 3491 1621 380 343 30920 1717 15483 19268 19006 10170 262 29203 184 12095 22903 1099 2954
internal_count=99430 10807 88623 10662 145 46452 42171 80 65 30969 2001 8661 56 3491 1621 380 343 30920 1717 15483 19268 19006 10170 262 29203 184 12095 22903 1099 2954
is_linear=0
shrinkage=0.1


Tree=12
num_leaves=31
num_cat=0
split_feature=11 10 41 18 10 11 1 12 25 25 1 9 9 11 11 11 18 41 11 18 41 4 25 22 18 9 11 1 9 15
split_gain=5.65485e+12 2.05038e+12 1.48889e+12 9.95583e+11 5.00483e+11 4.52984e+11 4.163e+11 2.77722e+11 2.12279e+11 2.00145e+11 1.78694e+11 1.72139e+11 1.53184e+11 1.46713e+11 1.26794e+11 1.18633e+11 1.16834e+11 1.00501e+11 8.35047e+10 7.36568e+10 6.60204e+10 6.44852e+10 5.90646e+10 5.81846e+10 5.5406e+10 5.51253e+10 5.42078e+10 5.39725e+10 5.15973e+10 8.29426e+10
threshold=83500.000000000015 323000.00000000006 37928.571428571435 138500.00000000003 459500.00000000006 508000.00000000006 53500.000000000007 102500.00000000001 215500.00000000003 59500.000000000007 115500.00000000001 745000.00000000012 176500.00000000003 21500.000000000004 44500.000000000007 168500.00000000003 223500.00000000003 72071.428571428594 128500.00000000001 69500.000000000015 1.0000000180025095e-35 55.618746810000012 103500.00000000001 709000.00000000012 175500.00000000003 162500.00000000003 17500.000000000004 256500.00000000003 30500.000000000004 151500.00000000003
decision_type=10 10 8 10 10 10 2 8 10 8 2 10 8 10 10 10 10 8 10 10 10 2 8 8 10 10 10 2 10 10
left_child=2 3 13 7 6 16 14 17 18 26 19 23 -12 20 28 22 -3 -2 -5 -11 21 -1 -9 -7 -20 -16 -8 -14 29 -4
right_child=1 5 4 8 -6 11 9 15 -10 10 12 -13 27 -15 25 -17 -18 -19 24 -21 -22 -23 -24 -25 -26 -27 -28 -29 -30 -31
leaf_value=2789.2704249846629 107.84215447709039 1509.2155983664773 -918.51842004907326 1833.7867384322835 15391.33148716518 17352.75961328125 -1373.2246193294477 1030.5735406671588 5484.4603392868903 178.73328336198441 982.29673277400218 23730.657044219974 3264.0970913267975 -723.56015527895875 -119.48962962658833 3568.1367853305333 9737.8473333740239 999.33083709744233 2757.3647455562245 596.56639163942714 -1224.0279665209559 -641.75855532521791 1832.5783535564876 10116.31238220215 3790.5290827549529 5134.2425329589851 -147.29621830694325 7992.4209653501157 -428.8148492822242 5540.6362878417967
leaf_weight=78 1576 22 3326 589 21 25 379 1220 356 12847 883 32 228 13882 14114 339 80 6399 1276 6282 12682 184 3713 20 875 20 7465 27 10470 20
leaf_count=78 1576 22 3326 589 21 25 379 1220 356 12847 883 32 228 13882 14114 339 80 6399 1276 6282 12682 184 3713 20 875 20 7465 27 10470 20
internal_value=0 1689.35 -336.655 1572.76 -43.566 12333.8 -49.3478 1195.44 3187.23 222.375 388.375 18123.7 1605.78 -949.381 -322.636 1758.59 7963.04 823.157 2888.76 315.95 -1191.57 379.693 1634.23 14136.6 3177.64 -112.055 -206.53 3764.74 -538.062 -879.91
internal_weight=0 16522 82908 16343 56082 179 56061 13247 3096 28111 20267 77 1138 26826 27950 5272 102 7975 2740 19129 12944 262 4933 45 2151 14134 7844 255 13816 3346
internal_count=99430 16522 82908 16343 56082 179 56061 13247 3096 28111 20267 77 1138 26826 27950 5272 102 7975 2740 19129 12944 262 4933 45 2151 14134 7844 255 13816 3346
is_linear=0
shrinkage=0.1


Tree=13
num_leaves=31
num_cat=0
split_feature=39 39 39 39 11 11 39 9 18 0 39 11 19 11 28 16 25 40 11 29 11 7 13 18 37 31 11 39 18 25
split_gain=5.63298e+12 2.15293e+12 1.3252e+12 8.83906e+11 4.38656e+11 3.41858e+11 2.86345e+11 2.7422e+11 2.13687e+11 2.02108e+11 1.78992e+11 1.45425e+11 1.01657e+11 8.32944e+10 7.08043e+10 7.0261e+10 6.86593e+10 8.89409e+10 6.81531e+10 6.49385e+10 6.19445e+10 5.04799e+10 5.85272e+10 4.88941e+10 4.82367e+10 6.5877e+10 4.71695e+10 4.29126e+10 4.27534e+10 4.26521e+10
threshold=76895.604395604416 252285.71428571432 37868.131868131873 126521.97802197804 508000.00000000006 163500.00000000003 54247.252747252758 532500.00000000012 175500.00000000003 676433.00000000012 17692.307692307695 103500.00000000001 796500.00000000012 178500.00000000003 88500.000000000015 155500.00000000003 76500.000000000015 121683.33333333336 70500.000000000015 59500.000000000007 300500.00000000006 142500.00000000003 132500.00000000003 98500.000000000015 164500.00000000003 158500.00000000003 66500.000000000015 187060.43956043958 127500.00000000001 70500.000000000015
decision_type=2 2 2 2 8 10 2 10 10 2 2 8 10 8 8 10 8 8 10 8 10 10 10 8 10 10 10 2 10 8
left_child=2 3 10 11 5 -3 -4 15 13 20 -1 29 -9 16 -15 -6 18 -18 -5 -10 -7 26 -23 -16 28 -26 -8 -25 -13 -2
right_child=1 4 6 8 7 9 21 12 19 -11 -12 24 -14 14 23 -17 17 -19 -20 -21 -22 22 -24 27 25 -27 -28 -29 -30 -31
leaf_value=-1222.7299446985794 202.76398123470088 19732.307214355471 -266.89916172974284 -3941.361935177365 4990.1347167968752 4925.5557794907518 84.547695269401316 23295.694324776789 9043.6056640625011 -2590.4859456380209 -709.82878942580328 1382.0892870665211 14494.968236142113 9123.7118496704115 -1550.9341253107245 13271.929334077382 5221.0639238336116 1999.8998994774356 1364.8543447440013 3783.0702175831002 8870.4320048014324 1193.6730058397566 6763.2904594089678 2845.5349823530159 735.89600303248358 -4861.7208224826391 376.64570901341028 4954.8413570115554 2168.2768065194796 878.46462704778901
leaf_weight=10126 1059 20 26718 37 20 68 13628 35 24 24 20740 4281 21 20 22 21 89 2325 70 1055 96 105 23 509 95 27 9302 119 825 7926
leaf_count=10126 1059 20 26718 37 20 68 13628 35 24 24 20740 4281 21 20 22 21 89 2325 70 1055 96 105 23 509 95 27 9302 119 825 7926
internal_value=0 1559.38 -363.304 1421.86 9892.56 7302.76 -44.0844 15445.9 2683.53 5980.47 -878.093 1042.82 19995.4 2272.17 3263.22 9232.03 2008.79 2118.66 -470.005 3900.08 7234.75 214.098 2194.46 3082.9 1462.16 -502.921 203.043 3245.23 1509.12 798.824
internal_weight=0 18788 80642 18483 305 208 49776 97 4270 188 30866 14213 56 3191 670 41 2521 2414 107 1079 164 23058 128 650 5228 122 22930 628 5106 8985
internal_count=99430 18788 80642 18483 305 208 49776 97 4270 188 30866 14213 56 3191 670 41 2521 2414 107 1079 164 23058 128 650 5228 122 22930 628 5106 8985
is_linear=0
shrinkage=0.1


Tree=14
num_leaves=31
num_cat=0
split_feature=39 39 39 10 21 39 39 39 4 17 18 16 18 39 17 42 8 40 22 25 4 25 1 12 25 25 40 12 35 42
split_gain=4.57283e+12 1.55967e+12 1.45685e+12 5.25644e+11 4.64617e+11 4.44882e+11 2.83163e+11 2.71082e+11 1.69956e+11 1.49255e+11 1.13336e+11 1.0983e+11 9.12177e+10 8.21874e+10 7.58642e+10 7.20815e+10 6.59069e+10 5.45616e+10 5.25086e+10 5.12603e+10 4.93786e+10 4.88023e+10 4.75581e+10 4.62252e+10 4.46387e+10 4.14904e+10 4.02627e+10 3.90313e+10 4.83466e+10 5.55103e+10
threshold=91686.81318681319 252285.71428571432 45978.021978021985 513500.00000000006 990500.00000000012 145791.20879120883 28939.560439560442 66554.94505494507 55.937786545000009 709000.00000000012 44500.000000000007 474500.00000000006 109500.00000000001 200807.69230769234 255500.00000000003 11500.000000000002 -74499.999999999985 126983.33333333336 243500.00000000003 89500.000000000015 55.734430900000007 173500.00000000003 233500.00000000003 56500.000000000007 262500.00000000006 71500.000000000015 23850.000000000004 132500.00000000003 142500.00000000003 183833.33333333334
decision_type=2 2 2 10 8 2 2 2 2 10 8 8 8 2 10 10 10 8 10 10 2 10 2 10 10 8 8 10 10 10
left_child=2 5 6 8 9 12 15 23 11 -5 20 22 25 14 17 -1 -10 -12 21 -9 -7 -19 -3 26 -24 -2 -4 -14 29 -29
right_child=1 3 7 4 -6 10 -8 19 16 -11 13 -13 27 -15 -16 -17 -18 18 -20 -21 -22 -23 24 -25 -26 -27 -28 28 -30 -31
leaf_value=-1240.6748454348353 -282.65724309890987 9929.3162724247686 3078.9391718937609 5874.7328631365745 28669.864694940476 2117.6510997953869 -428.44215876376711 424.46473126609055 15622.935305059524 16044.617840379286 6083.2498682436744 -43.704174804687504 1435.4340803020771 4516.3158822107798 8718.6709490094872 -817.47996715728868 8573.6988091362855 2328.2544540539948 -1184.6909302181668 925.81655360267132 -4085.3203391335228 3390.2773324196905 3014.8631098533165 124.01567774524653 7130.8447247421536 1046.2188514922834 -137.97160290252077 2188.595104346532 790.35786183562936 6230.1435874720992
leaf_weight=5662 252 27 39 27 21 21 24217 12318 21 31 46 36 3903 297 21 13919 36 1349 36 2444 33 637 49 12725 57 3473 16272 1171 255 35
leaf_count=5662 252 27 39 27 21 21 24217 12318 21 31 46 36 3903 297 21 13919 36 1349 36 2444 33 637 49 12725 57 3473 16272 1171 255 35
internal_value=0 1845.06 -249.263 8903.3 15924.9 1658.33 -657.08 158.554 6448.85 11310.4 2857.25 4856.24 1336.48 2959.78 2738.48 -939.85 11170.8 2677.76 2600.28 507.469 -1673.05 2668.89 6182.54 -18.8351 5228.17 956.319 -130.28 1600.47 2041.37 2305.89
internal_weight=0 11834 87596 305 79 11529 43798 43798 226 58 2440 169 9089 2386 2089 19581 57 2068 2022 14762 54 1986 133 29036 106 3725 16311 5364 1461 1206
internal_count=99430 11834 87596 305 79 11529 43798 43798 226 58 2440 169 9089 2386 2089 19581 57 2068 2022 14762 54 1986 133 29036 106 3725 16311 5364 1461 1206
is_linear=0
shrinkage=0.1


Tree=15
num_leaves=31
num_cat=0
split_feature=39 39 39 39 10 21 39 18 39 17 39 40 2 16 10 14 14 26 9 40 32 17 8 17 10 17 18 14 7 18
split_gain=3.71683e+12 1.41104e+12 8.81618e+11 5.87035e+11 4.25772e+11 3.7634e+11 1.90533e+11 1.47259e+11 1.21969e+11 1.20897e+11 1.03116e+11 9.99414e+10 8.23252e+10 1.35347e+11 6.75182e+10 6.52519e+10 6.26906e+10 6.86413e+10 5.67306e+10 5.46079e+10 7.78088e+10 4.57578e+10 4.50478e+10 4.49825e+10 4.27055e+10 7.60745e+10 4.00391e+10 3.9206e+10 3.91181e+10 3.8861e+10
threshold=76895.604395604416 252285.71428571432 37868.131868131873 126521.97802197804 513500.00000000006 990500.00000000012 55186.813186813197 175500.00000000003 18461.538461538468 709000.00000000012 96813.186813186825 150483.33333333337 739000.00000000012 315500.00000000006 447000.00000000006 240500.00000000003 105500.00000000001 142500.00000000003 200500.00000000003 124350.00000000001 77500.000000000015 145500.00000000003 119500.00000000001 103500.00000000001 160500.00000000003 261500.00000000003 243500.00000000003 255500.00000000003 -136499.99999999997 102500.00000000001
decision_type=2 2 2 2 10 8 2 10 2 10 2 10 2 8 8 10 10 10 10 8 8 10 8 10 8 10 10 10 8 10
left_child=2 3 8 10 12 9 -4 19 -1 -6 -2 18 13 15 -14 -3 17 -9 26 21 29 -5 -20 -18 25 -22 27 -12 -8 -21
right_child=1 4 6 7 5 -7 28 16 -10 -11 11 -13 14 -15 -16 -17 23 -19 22 20 24 -23 -24 -25 -26 -27 -28 -29 -30 -31
leaf_value=-982.51638986458988 634.70361706960284 10730.0765625 -205.14984054401089 3003.5165150865218 5287.2595124421305 25802.878614443827 -2298.2889846559556 11162.930439453126 -567.28572431548037 14440.155796370967 1165.6032144515157 -5537.2772372159088 5751.8079426386585 -2033.907684536638 10676.551750217015 4224.4895297346447 -404.74299299910263 3779.892333984375 2397.7625229363694 -4281.2969255118542 1496.755979273936 8011.0530317826706 7246.6608545939134 3146.6970581803726 2356.4177942032979 7548.2299421037942 4280.7127983279343 -2241.2100298713235 197.20608542102573 373.66018108611411
leaf_weight=10980 8784 21 28304 107 27 21 63 20 19886 31 5213 22 73 29 45 58 37 34 95 29 1929 22 24 988 1036 21 41 34 21409 47
leaf_count=10980 8784 21 28304 107 27 21 63 20 19886 31 5213 22 73 29 45 58 37 34 95 29 1929 22 24 988 1036 21 41 34 21409 47
internal_value=0 1266.68 -295.112 1155.36 8012.97 14332.4 -34.743 2183.55 -714.996 10179.3 846.459 1189.07 5803.96 3808.97 7629.89 5953.82 3193.45 6514.35 1216.44 1842.06 1757.15 3857.51 3375.69 3018.5 1837.58 1561.93 1167.85 1143.53 189.884 -1402.57
internal_weight=0 18788 80642 18483 305 79 49776 4270 30866 58 14213 5429 226 108 118 79 1079 54 5407 3191 3062 129 119 1025 2986 1950 5288 5247 21472 76
internal_count=99430 18788 80642 18483 305 79 49776 4270 30866 58 14213 5429 226 108 118 79 1079 54 5407 3191 3062 129 119 1025 2986 1950 5288 5247 21472 76
is_linear=0
shrinkage=0.1


Tree=16
num_leaves=31
num_cat=0
split_feature=39 39 39 39 11 25 39 11 11 9 42 22 9 12 25 16 11 17 25 32 6 14 11 1 18 8 42 42 23 25
split_gain=3.01344e+12 1.15735e+12 6.84918e+11 5.16468e+11 3.05986e+11 3.12324e+11 1.61615e+11 1.422e+11 1.14925e+11 1.01765e+11 9.28908e+10 7.23545e+10 1.05637e+11 6.61968e+10 6.48469e+10 5.83108e+10 5.30027e+10 4.75386e+10 4.60918e+10 6.18941e+10 4.56735e+10 4.45168e+10 4.31022e+10 3.89523e+10 3.7786e+10 3.75065e+10 3.74134e+10 5.31056e+10 3.54063e+10 3.50959e+10
threshold=75104.395604395613 252285.71428571432 36082.417582417591 115593.4065934066 20500.000000000004 607000.00000000012 52412.087912087918 178500.00000000003 255500.00000000003 745000.00000000012 21500.000000000004 88500.000000000015 157500.00000000003 215500.00000000003 91500.000000000015 200500.00000000003 508000.00000000006 23500.000000000004 123500.00000000001 79500.000000000015 1.0000000180025095e-35 276500.00000000006 210500.00000000003 212500.00000000003 73500.000000000015 240500.00000000003 26833.333333333339 83166.666666666672 129500.00000000001 76500.000000000015
decision_type=2 2 2 2 10 10 2 8 10 10 10 8 10 10 10 10 10 8 10 8 2 10 10 2 8 10 10 10 10 10
left_child=2 3 10 14 -3 8 -4 18 -6 -7 -1 12 -9 17 24 -10 -17 -13 19 29 -8 -21 23 -16 28 -22 -20 -28 -2 -5
right_child=1 4 6 7 5 9 20 11 15 -11 -12 13 -14 -15 22 16 -18 -19 26 21 25 -23 -24 -25 -26 -27 27 -29 -30 -31
leaf_value=-855.86565507343539 184.98499124394931 16983.071484374999 -234.15556677712553 -3470.3591326758979 218.05047119140627 8962.5411132812496 442.10211823227951 2077.309475708008 1875.7382308467743 18818.466659268466 -490.33950264280878 -2571.7734805152531 10487.951109095982 3862.3686212824041 925.45742992156909 5732.5089307308199 10402.454492797851 2227.5577364978794 -2392.0085658482144 1332.7930893030748 71.20424364933254 -2680.8005916050502 4812.4904127449827 5348.3958288574222 605.79867600145167 -2281.0404668471397 5506.3143742487991 1783.3098149136222 -1957.2179646056375 339.27621441222072
leaf_weight=14118 1625 29 26291 42 45 20 3744 32 31 22 13698 21 28 275 4517 128 30 1200 21 2119 21564 28 29 20 7331 68 39 2177 81 57
leaf_count=14118 1625 29 26291 42 45 20 3744 32 31 22 13698 21 28 275 4517 128 30 1200 21 2119 21564 28 29 20 7331 68 39 2177 81 57
internal_value=0 1098.93 -275.787 1004.01 7211.68 6184.97 -60.3986 1773.61 4759.81 14125.2 -675.862 2597.27 6002.28 2460.7 662.354 5841.18 6619.21 2145.01 1487.73 1167.72 119.624 1280.45 969.518 944.955 507.157 63.81 1809.02 1848.83 83.2743 -1276.93
internal_weight=0 19947 79483 19642 305 276 51667 6039 234 42 27816 1556 60 1496 13603 189 158 1221 4483 2246 25376 2147 4566 4537 9037 21632 2237 2216 1706 99
internal_count=99430 19947 79483 19642 305 276 51667 6039 234 42 27816 1556 60 1496 13603 189 158 1221 4483 2246 25376 2147 4566 4537 9037 21632 2237 2216 1706 99
is_linear=0
shrinkage=0.1


Tree=17
num_leaves=31
num_cat=0
split_feature=39 39 39 10 21 39 39 42 32 11 33 14 11 2 10 42 19 39 11 40 8 10 40 8 19 6 15 11 20 17
split_gain=2.45382e+12 8.26773e+11 7.96732e+11 3.05327e+11 3.15113e+11 2.52891e+11 1.71626e+11 1.3904e+11 8.73361e+10 8.38854e+10 7.63898e+10 6.56347e+10 1.31104e+11 7.75391e+10 5.83721e+10 5.42315e+10 4.89165e+10 4.73739e+10 3.93965e+10 3.87814e+10 3.81576e+10 4.06204e+10 6.00597e+10 3.48369e+10 3.45867e+10 3.87428e+10 3.50456e+10 3.47513e+10 3.4534e+10 3.44699e+10
threshold=91686.81318681319 252285.71428571432 44659.340659340676 513500.00000000006 990500.00000000012 145791.20879120883 61923.076923076929 27500.000000000004 796500.00000000012 1.0000000180025095e-35 21500.000000000004 223500.00000000003 253500.00000000003 739000.00000000012 212500.00000000003 120500.00000000001 543500.00000000012 9456.0439560439572 75500.000000000015 23850.000000000004 -262499.99999999994 81500.000000000015 129616.66666666667 -191499.99999999997 182500.00000000003 1.5000000000000002 1.0000000180025095e-35 67500.000000000015 131500.00000000003 37500.000000000007
decision_type=2 2 2 10 8 2 2 10 8 8 8 8 8 2 8 8 8 2 10 8 8 10 10 10 10 2 8 10 10 10
left_child=2 5 7 11 8 15 19 17 -5 -7 -11 -3 -13 16 20 24 -14 -1 28 -4 -12 22 -22 -15 25 26 -2 -26 -8 -30
right_child=1 3 6 4 -6 9 18 -9 -10 10 14 12 13 23 -16 -17 -18 -19 -20 -21 21 -23 -24 -25 27 -27 -28 -29 29 -31
leaf_value=-1090.4570400920636 4233.8738242701484 9682.7287618885875 2804.5965943032124 4896.0334905133932 22337.984226190478 -2019.572812652588 227.64534183831466 -327.0122873555722 12828.587088145381 7815.9606231689459 -1571.5520358177926 -1249.311071616725 4477.8210681733635 10599.044261532739 3185.0119923088769 1300.7616507654529 -1433.2186755952382 -633.79977244325175 491.07111955401064 -70.4820201872909 7802.9710498678287 1880.3451229872951 1565.1719036680279 6028.5045952690971 -4682.6934521484382 659.4520638981337 1161.8816290342072 -127.52465524025334 -3697.6328915479712 -425.74101037089031
leaf_weight=2621 38 23 47 35 21 48 11534 21567 23 24 31 38 42 21 440 3245 21 17048 8222 26366 29 1835 33 81 20 4050 1633 103 41 150
leaf_count=2621 38 23 47 35 21 48 11534 21567 23 24 31 38 42 21 440 3245 21 17048 8222 26366 29 1835 33 81 20 4050 1633 103 41 150
internal_value=0 1351.57 -182.594 6490.51 11842 1215.62 101.839 -502.371 8041.7 2119.55 2202.61 4619.86 4046.24 5265.82 2145.72 972.957 2507.47 -694.652 323.246 -65.366 1908.53 1965.4 4482.85 6969.5 790.936 826.607 1231.74 -868.203 205.561 -1128.08
internal_weight=0 11834 87596 305 79 11529 46360 41236 58 2440 2392 226 203 165 2368 9089 63 19669 19947 26413 1928 1897 62 102 5844 5721 1671 123 11725 191
internal_count=99430 11834 87596 305 79 11529 46360 41236 58 2440 2392 226 203 165 2368 9089 63 19669 19947 26413 1928 1897 62 102 5844 5721 1671 123 11725 191
is_linear=0
shrinkage=0.1


Tree=18
num_leaves=31
num_cat=0
split_feature=39 39 39 12 39 1 11 19 12 11 22 39 0 35 0 28 1 11 23 11 40 23 36 7 16 31 9 0 17 19
split_gain=1.99341e+12 7.75432e+11 4.44372e+11 3.31125e+11 2.85907e+11 2.75252e+11 1.10553e+11 1.00461e+11 9.00465e+10 6.18182e+10 5.94597e+10 5.99624e+10 5.69397e+10 1.06436e+11 1.05616e+11 4.70473e+10 7.18719e+10 4.073e+10 4.03709e+10 3.78245e+10 4.91763e+10 3.76714e+10 3.87813e+10 3.5475e+10 3.52631e+10 3.4028e+10 3.33843e+10 4.01348e+10 3.33642e+10 3.70299e+10
threshold=73714.285714285725 200807.69230769234 35868.131868131873 21500.000000000004 115593.4065934066 672500.00000000012 57500.000000000007 319000.00000000006 788000.00000000012 16500.000000000004 327500.00000000006 145791.20879120883 676433.00000000012 280500.00000000006 676995.50000000012 88500.000000000015 149500.00000000003 90500.000000000015 192500.00000000003 137500.00000000003 129616.66666666667 167500.00000000003 138500.00000000003 161500.00000000003 167500.00000000003 172500.00000000003 275000.00000000006 629725.50000000012 163500.00000000003 1.0000000180025095e-35
decision_type=2 2 2 8 2 2 10 10 10 10 10 2 2 8 2 8 2 8 10 8 8 10 10 10 10 10 8 2 10 8
left_child=2 4 9 -3 17 7 24 12 -7 -1 11 21 -5 -14 -15 16 -13 18 -2 20 -17 28 -23 -8 -4 -24 -21 -28 -6 -30
right_child=1 3 6 5 10 8 23 -9 -10 -11 -12 15 13 14 -16 19 -18 -19 -20 26 -22 22 25 -25 -26 -27 27 -29 29 -31
leaf_value=-729.98784396072176 380.6105865767675 16156.460714588997 -160.42392879929767 3366.6102031721057 1134.4547624416521 15587.235402425133 138.71006317235103 5859.7286344640397 6730.0549455122518 -425.94825495633881 -4079.1828930664069 7354.0217938397391 4015.5794067891438 -7652.725009300595 705.01719179506654 4750.6134312220984 705.09155525996766 700.13427796548865 -2766.1563009122524 1829.6989214309885 370.43545200864082 938.1307483939238 -145.0161201477051 4352.6375708007818 -3169.1493674253807 -3891.150651469984 7521.7727210003404 1969.4625211588541 6235.5989629572096 1949.7778394327124
leaf_weight=11602 7264 23 33279 287 3053 24 18024 119 22 15787 20 37 60 21 54 28 29 7030 41 1671 303 172 67 20 39 38 23 30 22 241
leaf_count=11602 7264 23 33279 287 3053 24 18024 119 22 15787 20 37 60 21 54 28 29 7030 41 1671 303 172 67 20 39 38 23 30 22 241
internal_value=0 873.782 -229.444 4386.19 767.022 3925.01 -55.9788 3293.57 11351.2 -554.74 1363.81 1382.86 2569.94 876.285 -1635.15 1804.49 4432.52 528.307 362.949 1720.08 740.964 1133.97 13.6415 143.381 -163.946 -1500.76 1908.07 4378.96 1227.55 2308.29
internal_weight=0 20679 78751 610 20069 587 51362 541 46 27389 5734 5714 422 135 75 2121 66 14335 7305 2055 331 3593 277 18044 33318 105 1724 53 3316 263
internal_count=99430 20679 78751 610 20069 587 51362 541 46 27389 5734 5714 422 135 75 2121 66 14335 7305 2055 331 3593 277 18044 33318 105 1724 53 3316 263
is_linear=0
shrinkage=0.1


Tree=19
num_leaves=31
num_cat=0
split_feature=42 17 42 18 18 12 17 18 32 8 30 9 35 20 12 23 16 18 13 9 8 14 24 14 18 12 40 41 9 3
split_gain=1.4222e+12 5.6191e+11 4.78038e+11 2.89608e+11 1.82223e+11 1.18071e+11 1.15696e+11 7.1258e+10 6.40978e+10 6.11743e+10 6.31643e+10 6.00363e+10 5.73979e+10 5.72673e+10 5.35084e+10 3.99885e+10 3.94811e+10 4.50573e+10 3.66535e+10 3.77103e+10 3.5497e+10 3.26123e+10 2.98637e+10 3.34336e+10 2.9242e+10 3.52132e+10 2.90841e+10 3.13773e+10 2.66958e+10 3.79442e+10
threshold=95166.666666666672 381000.00000000006 46833.333333333336 774000.00000000012 175500.00000000003 64500.000000000007 23500.000000000004 99500.000000000015 233500.00000000003 100500.00000000001 460500.00000000006 278500.00000000006 881500.00000000012 230500.00000000003 132500.00000000003 164500.00000000003 134500.00000000003 162500.00000000003 184500.00000000003 25500.000000000004 197500.00000000003 2500.0000000000005 242500.00000000003 183500.00000000003 75500.000000000015 238500.00000000003 73550.000000000015 71214.285714285725 18500.000000000004 37.902816845000011
decision_type=10 10 8 8 10 10 8 8 10 10 8 10 8 10 10 10 10 10 10 8 10 10 10 10 10 10 10 10 10 2
left_child=2 4 6 9 7 11 16 13 22 10 -3 18 -12 -2 -9 -10 17 -1 19 -4 26 -16 -6 -24 28 -26 27 -8 29 -7
right_child=1 3 5 -5 8 24 20 14 15 -11 12 -13 -14 -15 21 -17 -18 -19 -20 -21 -22 -23 23 -25 25 -27 -28 -29 -30 -31
leaf_value=-602.867763397575 422.77198538509197 2685.631658935547 -662.09609528409294 15189.162686941965 1661.4578911287008 -1779.666104192801 -264.48450763909608 799.10160052350443 6689.3880506013566 396.97306835937502 11671.270613281251 5441.5005895996101 4960.4367074819711 -3974.2551139322918 2589.010516684928 3057.6942906392414 -2852.1552046164488 4146.981831054688 3106.0374564505914 -21.779509226085011 2459.1741610209151 1270.4714787976736 6762.6938802083332 2376.6283199249751 442.60509008952414 4644.7200450897217 1818.5330983631648 -4042.4957932212137 211.2413004279606 2044.8871607780457
leaf_weight=13900 2340 34 952 35 1092 137 28569 4512 38 25 25 20 26 30 205 150 78 20 37 27151 48 2208 24 63 6881 20 67 22 10689 32
leaf_count=13900 2340 34 952 35 1092 137 28569 4512 38 25 25 20 26 30 205 150 78 20 37 27151 48 2208 24 63 6881 20 67 22 10689 32
internal_value=0 1083.03 -132.069 7266.27 998.945 91.9041 -372.904 840.404 2076.95 4745.35 6024.29 -35.4367 8250.06 367.113 1002.38 3791.76 -608.615 -596.043 -39.3293 -43.4705 -257.964 1382.49 1803.52 3586.58 293.825 454.783 -262.515 -267.392 191.525 -1055.49
internal_weight=0 10807 88623 145 10662 45919 42704 9295 1367 110 85 28160 51 2370 6925 188 13998 13920 28140 28103 28706 2413 1179 87 17759 6901 28658 28591 10858 169
internal_count=99430 10807 88623 145 10662 45919 42704 9295 1367 110 85 28160 51 2370 6925 188 13998 13920 28140 28103 28706 2413 1179 87 17759 6901 28658 28591 10858 169
is_linear=0
shrinkage=0.1


Tree=20
num_leaves=31
num_cat=0
split_feature=39 39 39 11 11 11 39 4 11 15 38 42 40 19 39 8 20 23 39 19 17 28 33 32 33 19 22 38 13 41
split_gain=1.35208e+12 4.84128e+11 4.45305e+11 2.39748e+11 1.46013e+11 1.43627e+11 1.16395e+11 1.11806e+11 8.33344e+10 7.57049e+10 1.03541e+11 6.72375e+10 5.99684e+10 5.45881e+10 4.57198e+10 3.94024e+10 3.79414e+10 3.45034e+10 3.02972e+10 2.889e+10 2.77982e+10 2.677e+10 2.77627e+10 2.66249e+10 3.79719e+10 2.69404e+10 2.52225e+10 3.12633e+10 2.42203e+10 2.39094e+10
threshold=95675.824175824164 49741.758241758253 252285.71428571432 29500.000000000004 508000.00000000006 138500.00000000003 27071.428571428576 55.543903175000004 66500.000000000015 853000.00000000012 663000.00000000012 248333.33333333334 98716.666666666672 150500.00000000003 187060.43956043958 419500.00000000006 131500.00000000003 57500.000000000007 8675.8241758241784 400000.00000000006 78500.000000000015 34500.000000000007 108500.00000000001 82500.000000000015 44500.000000000007 140500.00000000003 26500.000000000004 101500.00000000001 45500.000000000007 49642.857142857152
decision_type=2 2 2 10 10 8 2 2 10 8 8 10 8 10 2 10 10 8 2 8 8 8 8 8 8 10 8 10 10 8
left_child=1 6 5 -4 7 15 18 -5 16 10 -6 12 -7 -13 17 23 26 -14 -1 -9 -10 22 -22 24 -2 -26 27 -3 -18 -23
right_child=2 8 3 4 9 11 -8 19 20 -11 -12 13 14 -15 -16 -17 28 -19 -20 -21 21 29 -24 -25 25 -27 -28 -29 -30 -31
leaf_value=-889.99686901408552 3012.2396017635569 497.55692205032932 13333.629778645834 -3425.6345982142857 3932.7966369628907 6854.9568713378903 -221.78800035469521 2328.193139001095 183.12408888896897 3234.5319030761721 13000.506066176471 8316.857082305909 -1041.3863967433122 2300.1673169587789 2215.1051329311294 -2098.1227715585746 -3197.0368081146817 1268.8921963275463 -491.99607815693599 5029.2024750680639 849.72109906053538 3493.6789936523442 3242.6404305219653 743.39655444584218 -139.82088456277955 -2863.0317475455149 5.2864495496098742 3669.8750880385887 -698.99258478098909 396.2134251902412
leaf_weight=2196 34 530 30 28 20 20 33245 99 8846 28 34 25 66 38 541 51 53 3148 14823 66 200 25 64 5831 269 42 21066 33 145 7834
leaf_count=2196 34 530 30 28 20 20 33245 99 8846 28 34 25 66 38 541 51 53 3148 14823 66 200 25 64 5831 269 42 21066 33 145 7834
internal_value=0 -125.832 1080.67 4845.08 3919.06 966.601 -330.667 2417.1 139.552 7454.15 9642.1 1447.77 1393.7 4687.74 1364.61 670.033 10.3257 1221.45 -543.351 3408.6 305.773 439.339 1429.82 692.892 -160.704 -507.586 22.9403 683.501 -1367.66 406.067
internal_weight=0 89060 10370 305 275 10065 50264 193 38796 82 54 3838 3775 63 3755 6227 21827 3214 17019 165 16969 8123 264 6176 345 311 21629 563 198 7859
internal_count=99430 89060 10370 305 275 10065 50264 193 38796 82 54 3838 3775 63 3755 6227 21827 3214 17019 165 16969 8123 264 6176 345 311 21629 563 198 7859
is_linear=0
shrinkage=0.1


Tree=21
num_leaves=31
num_cat=0
split_feature=42 17 21 42 12 8 17 30 33 37 17 17 12 8 8 15 6 42 22 42 2 4 37 28 41 17 21 8 8 6
split_gain=9.42341e+11 4.20129e+11 2.65881e+11 2.52565e+11 1.89506e+11 7.34604e+10 6.7894e+10 5.64671e+10 5.45682e+10 5.99463e+10 5.13357e+10 4.89597e+10 4.36928e+10 4.23594e+10 3.7753e+10 3.37417e+10 5.28643e+10 3.30911e+10 3.63132e+10 3.28331e+10 3.22215e+10 7.93134e+10 3.16781e+10 3.15658e+10 3.09646e+10 3.13068e+10 3.77951e+10 3.48779e+10 2.67883e+10 2.6134e+10
threshold=77833.333333333358 381000.00000000006 990500.00000000012 34500.000000000007 140500.00000000003 -35499.999999999993 55500.000000000007 460500.00000000006 448500.00000000006 819000.00000000012 129500.00000000001 111500.00000000001 29500.000000000004 205500.00000000003 -32499.999999999996 1.0000000180025095e-35 1.5000000000000002 248333.33333333334 156500.00000000003 189166.66666666669 711500.00000000012 55.896006905000007 30500.000000000004 224500.00000000003 88785.714285714304 16500.000000000004 144500.00000000003 107500.00000000001 -179499.99999999997 1.5000000000000002
decision_type=10 10 8 8 10 10 10 10 8 8 8 10 8 10 10 10 2 10 10 10 2 2 8 10 10 8 10 10 8 2
left_child=3 4 5 24 11 7 20 -3 -7 -10 23 12 -2 15 17 16 -13 -12 -19 28 -5 -22 -16 -6 25 26 27 -1 -14 -8
right_child=1 2 -4 6 10 8 29 -9 9 -11 14 13 19 -15 22 -17 -18 18 -20 -21 21 -23 -24 -25 -26 -27 -28 -29 -30 -31
leaf_value=-537.35127495253585 -368.32716148913664 3675.1166894531252 16677.777207031249 -114.77183293491315 676.24970454551215 -2059.5742140997022 311.74620345304339 10213.746718488423 7536.4323022460949 854.39022427262944 1935.2960694787098 5749.633385881697 -1789.0104181017196 -1512.0925201029718 5064.3020652077421 770.43011114389913 1123.8940567198254 7747.7887962704617 2711.7582986111115 3337.0458200555099 362.23406125093123 5745.0229066910288 1248.8277139065501 -3347.7199914550783 3342.4561967329546 -326.12754732986861 3681.0180919828872 -1869.0987833962511 404.04426741521775 52.23082208332135
leaf_weight=9099 790 25 20 36381 771 21 5412 28 25 29 513 35 56 79 22 3299 84 21 45 38 234 31 1996 20 22 16043 21 201 10357 13712
leaf_count=9099 790 25 20 36381 771 21 5412 28 25 29 513 35 56 79 22 3299 84 21 45 38 234 31 1996 20 22 16043 21 201 10357 13712
internal_value=0 648.767 5955.1 -146.084 605.441 4279.69 -27.0629 7129.49 2265.83 3947.93 1279.83 450.412 348.753 777.191 1494.65 830.103 2484.41 2206.46 4314.13 402.958 -106.769 991.919 1290.42 574.506 -407.558 -410.811 -556.565 -566.134 392.25 125.672
internal_weight=0 18274 148 81156 18126 128 55770 53 75 54 3388 14738 11241 3497 2597 3418 119 579 66 10451 36646 265 2018 791 25386 25364 9321 9300 10413 19124
internal_count=99430 18274 148 81156 18126 128 55770 53 75 54 3388 14738 11241 3497 2597 3418 119 579 66 10451 36646 265 2018 791 25386 25364 9321 9300 10413 19124
is_linear=0
shrinkage=0.1


Tree=22
num_leaves=31
num_cat=0
split_feature=39 39 9 39 1 39 8 11 22 24 18 1 11 42 18 9 19 6 33 13 13 22 9 0 7 6 22 1 8 11
split_gain=9.20813e+11 3.80834e+11 1.90252e+11 1.78643e+11 1.51473e+11 1.40437e+11 1.05452e+11 9.72364e+10 4.98376e+10 4.76968e+10 4.4308e+10 6.17133e+10 3.99622e+10 3.77451e+10 3.42806e+10 3.32012e+10 6.64394e+10 3.58745e+10 3.29957e+10 2.94956e+10 2.92119e+10 2.90308e+10 4.23171e+10 6.60054e+10 2.89203e+10 2.79027e+10 2.65796e+10 3.00138e+10 4.78325e+10 3.08221e+10
threshold=67950.549450549457 187060.43956043958 1.0000000180025095e-35 34835.16483516484 590500.00000000012 108791.20879120882 248500.00000000003 846500.00000000012 345500.00000000006 470500.00000000006 243500.00000000003 91500.000000000015 50500.000000000007 10833.333333333334 90500.000000000015 209500.00000000003 55500.000000000007 1.0000000180025095e-35 289500.00000000006 59500.000000000007 93500.000000000015 48500.000000000007 125500.00000000001 622907.50000000012 -136499.99999999997 1.5000000000000002 76500.000000000015 102500.00000000001 215500.00000000003 16500.000000000004
decision_type=2 2 8 2 2 2 10 8 10 10 10 2 10 10 10 8 8 2 10 8 8 8 10 2 8 2 10 2 8 10
left_child=3 5 -3 13 6 14 9 -6 10 18 15 -12 26 -1 21 17 -17 19 -4 -7 -18 22 -2 -24 -23 -14 -5 28 29 -28
right_child=1 2 4 12 7 8 -8 -9 -10 -11 11 -13 25 -15 -16 16 20 -19 -20 -21 -22 24 23 -25 -26 -27 27 -29 -30 -31
leaf_value=-617.8601212759628 616.08390241566065 10795.366281467015 1793.5127599980792 -129.88003273644827 3829.8424257220645 -1906.0843908239294 -3358.2323961046009 12299.922581946332 -4140.1967919921872 5414.3302938771812 7934.2755911254881 1691.1339190031356 196.46987706103229 -324.85556622240551 518.87850696546366 6712.7198789062504 -1781.952572518808 667.18627267831198 4219.6093369781001 1449.4313140262257 1638.0566353142085 -2294.381735546031 7375.517303710938 686.94727834595585 191.04545392477621 -42.321890401853715 -1657.4702990018407 -2803.8137268066407 4047.8211414683956 -214.32903505563738
leaf_weight=5596 436 27 692 25111 33 27 36 23 20 43 20 76 7244 20512 5138 25 27 5119 61 880 333 47 25 36 12008 15080 221 64 22 448
leaf_count=5596 436 27 692 25111 33 27 36 23 20 43 20 76 7244 20512 5138 25 27 5119 61 880 333 47 25 36 12008 15080 221 64 22 448
internal_value=0 523.241 2525.88 -176.991 2274.45 447.575 1935.61 7308.63 844.024 2175.03 859.344 2991.79 -62.8578 -387.658 301.298 827.412 1727.74 769.891 1990.05 1349.54 1381.56 212.235 961.229 3428.16 181.355 35.1646 -147.457 -732.069 -540.186 -691.062
internal_weight=0 25132 915 74298 888 24217 832 56 6527 796 6507 96 48190 26108 17690 6411 385 6026 753 907 360 12552 497 61 12055 22324 25866 755 691 669
internal_count=99430 25132 915 74298 888 24217 832 56 6527 796 6507 96 48190 26108 17690 6411 385 6026 753 907 360 12552 497 61 12055 22324 25866 755 691 669
is_linear=0
shrinkage=0.1


Tree=23
num_leaves=31
num_cat=0
split_feature=39 10 6 23 39 6 39 5 9 42 18 40 2 1 40 22 12 2 13 9 39 28 14 42 6 32 40 12 24 30
split_gain=7.46807e+11 3.07718e+11 1.9426e+11 2.19239e+11 1.77869e+11 1.70925e+11 1.67649e+11 4.80666e+10 4.6238e+10 4.59267e+10 4.51955e+10 3.93847e+10 4.1202e+10 3.69844e+10 3.63355e+10 3.2296e+10 4.12146e+10 4.73057e+10 3.57942e+10 3.20608e+10 3.37486e+10 3.12588e+10 3.10523e+10 4.05872e+10 7.05004e+10 3.96948e+10 3.06072e+10 3.21141e+10 3.04798e+10 3.22828e+10
threshold=72186.813186813204 447000.00000000006 2.5000000000000004 990500.00000000012 133060.43956043958 1.5000000000000002 42313.186813186818 16.500000000000004 22500.000000000004 220833.33333333334 92500.000000000015 150483.33333333337 480500.00000000006 82500.000000000015 124350.00000000001 48500.000000000007 61500.000000000007 624500.00000000012 41500.000000000007 200500.00000000003 122829.67032967033 30500.000000000004 276500.00000000006 80500.000000000015 1.5000000000000002 92500.000000000015 25583.333333333339 50500.000000000007 179500.00000000003 125500.00000000001
decision_type=2 10 2 8 2 2 2 2 10 8 8 10 2 2 8 8 10 2 10 10 2 8 10 10 2 10 8 8 10 8
left_child=6 4 5 7 10 -3 8 -4 -1 14 15 19 -13 -11 -6 16 17 -2 -18 -12 -21 -20 23 24 -16 -24 -8 -28 -17 -30
right_child=1 2 3 -5 9 -7 26 -9 -10 13 11 12 -14 -15 22 28 18 -19 21 20 -22 -23 25 -25 -26 -27 27 -29 29 -31
leaf_value=-430.8974490151154 1368.221307373047 5266.718140968117 8253.7926823542675 16649.448681640624 3374.9071954542592 -5436.8315866088869 2375.0391225179037 2423.4819934475809 -205.19748071449359 6200.7673083496093 489.82002588449109 -5531.286487926136 127.26202983240928 1818.7474757101165 133.28857941804108 153.59942320354313 -1936.2456652371388 5909.5051113128666 4064.732413155692 472.69442107050048 3462.7495996907551 553.9044161544856 -4024.4153930664065 919.11905143047136 7428.9587571364191 1808.6016619873049 -130.6857434897025 58.016431713733624 -178.20173201878868 -4413.1653210449222
leaf_weight=15511 81 37 26 23 62 25 54 31 21882 20 10084 22 31 521 27 7650 53 32 28 76 75 269 28 2821 26 20 13796 26044 45 30
leaf_count=15511 81 37 26 23 62 25 54 31 21882 20 10084 22 31 521 27 7650 53 32 28 76 75 269 28 2821 26 20 13796 26044 45 30
internal_value=0 512.012 5152.19 8408.3 482.063 950.771 -146.693 5082.92 -298.82 1133.02 357.868 497.398 -2221.57 1980.74 979.329 182.553 993.784 2654.25 457.691 511.478 1957.82 884.892 928.499 970.629 3712.3 -1593.99 -4.10359 -7.32833 133.932 -1872.19
internal_weight=0 22143 142 80 22001 62 77287 57 37393 3525 18476 10288 53 541 2984 8188 463 113 350 10235 151 297 2922 2874 53 48 39894 39840 7725 75
internal_count=99430 22143 142 80 22001 62 77287 57 37393 3525 18476 10288 53 541 2984 8188 463 113 350 10235 151 297 2922 2874 53 48 39894 39840 7725 75
is_linear=0
shrinkage=0.1


Tree=24
num_leaves=31
num_cat=0
split_feature=39 10 39 20 25 25 7 25 10 17 18 25 10 17 14 18 20 14 17 18 16 20 14 30 22 2 1 17 10 12
split_gain=6.12349e+11 2.29431e+11 2.2346e+11 2.07857e+11 1.1876e+11 6.36561e+10 5.61199e+10 5.41056e+10 5.33977e+10 4.35591e+10 4.34467e+10 3.86192e+10 3.62147e+10 3.42521e+10 3.39968e+10 3.34858e+10 4.56524e+10 3.34054e+10 4.11904e+10 3.38131e+10 9.38755e+10 3.47617e+10 3.20899e+10 3.13232e+10 3.61598e+10 3.06027e+10 2.90279e+10 2.85741e+10 5.01406e+10 3.10587e+10
threshold=95675.824175824164 513500.00000000006 49741.758241758253 967000.00000000012 217500.00000000003 14500.000000000002 164500.00000000003 72500.000000000015 160500.00000000003 709000.00000000012 106500.00000000001 46500.000000000007 164500.00000000003 195500.00000000003 158500.00000000003 116500.00000000001 120500.00000000001 276500.00000000006 139500.00000000003 189500.00000000003 61500.000000000007 292500.00000000006 86500.000000000015 106500.00000000001 71500.000000000015 450000.00000000006 103500.00000000001 58500.000000000007 122500.00000000001 54500.000000000007
decision_type=2 10 2 8 10 8 10 10 8 10 10 10 10 10 8 8 8 10 8 10 10 10 10 10 10 2 2 8 10 10
left_child=2 4 5 9 8 26 10 12 17 -3 -6 -7 23 -9 -14 16 25 19 -19 21 -21 27 -12 -4 -25 -10 -1 28 29 -2
right_child=1 3 7 -5 6 11 -8 13 15 -11 22 -13 14 -15 -16 -17 -18 18 -20 20 -22 -23 -24 24 -26 -27 -28 -29 -30 -31
leaf_value=-474.05808522927168 -5069.5760439918158 322.96940212249757 48.400055201509119 14020.351263162363 -1704.7831463623047 -219.83699913665339 7386.1382714843758 290.38485691539074 -383.54520648108587 5626.9238509114584 5864.4596966287363 32.656583041156232 -609.68248898585637 3152.4639924548924 -4143.496743935033 1155.7757924395746 -1888.2869007069958 273.13653406943047 -5462.8651715959822 8252.4131286621105 1068.5309422834596 4185.7197832031252 2028.5269672946522 117.8822237732341 -1744.6597242201676 3470.5334459806745 -2596.5202783203126 486.46065409382356 1973.0358680782574 -974.68646799477813
leaf_weight=7441 21 32 28748 23 30 35452 20 9455 45 30 23 7306 96 42 38 2026 88 31 21 20 201 25 421 206 211 38 65 7062 56 157
leaf_count=7441 21 32 28748 23 30 35452 20 9455 45 30 23 7306 96 42 38 2026 88 31 21 20 201 25 421 206 211 38 65 7062 56 157
internal_value=0 727.265 -84.6815 5901.3 684.504 -223.844 2197.31 95.6175 608.176 2889.4 1978.37 -176.694 28.3826 303.042 -1611.81 1042.35 -301.453 482.565 -2043.33 499.981 1718.66 463.192 2227.24 35.9186 -824.555 1380.97 -492.438 450.437 -636.739 -1457.79
internal_weight=0 10370 89060 85 10285 50264 494 38796 9791 62 474 42758 29299 9497 134 2197 171 7594 52 7542 221 7321 444 29165 417 83 7506 7296 234 178
internal_count=99430 10370 89060 85 10285 50264 494 38796 9791 62 474 42758 29299 9497 134 2197 171 7594 52 7542 221 7321 444 29165 417 83 7506 7296 234 178
is_linear=0
shrinkage=0.1


Tree=25
num_leaves=31
num_cat=0
split_feature=39 39 12 25 11 25 8 1 28 26 29 26 7 39 37 25 12 13 12 25 11 39 7 23 12 11 12 20 22 20
split_gain=5.03194e+11 2.16867e+11 1.6722e+11 1.24294e+11 1.02618e+11 9.42693e+10 8.72243e+10 8.1695e+10 4.39446e+10 4.21707e+10 3.73683e+10 3.40592e+10 6.15103e+10 3.36442e+10 3.24055e+10 3.18245e+10 3.04561e+10 2.96172e+10 3.25663e+10 2.94435e+10 2.94389e+10 3.45247e+10 2.69908e+10 4.06217e+10 3.88466e+10 4.02506e+10 2.57066e+10 4.95934e+10 2.56234e+10 2.47896e+10
threshold=67664.835164835167 177840.65934065936 1.0000000180025095e-35 805000.00000000012 39500.000000000007 110500.00000000001 279500.00000000006 672500.00000000012 197500.00000000003 492500.00000000006 200500.00000000003 227500.00000000003 -2499.9999999999995 12785.714285714288 165500.00000000003 61500.000000000007 240500.00000000003 102500.00000000001 203500.00000000003 154500.00000000003 91500.000000000015 128813.18681318681 -81499.999999999985 25500.000000000004 171500.00000000003 191500.00000000003 147500.00000000003 1.0000000180025095e-35 82500.000000000015 79500.000000000015
decision_type=2 2 8 10 10 10 10 2 10 10 10 10 10 2 10 10 10 10 10 10 8 2 8 8 10 10 10 10 10 10
left_child=4 5 -3 6 13 8 7 9 11 -4 -8 20 -13 -1 16 -6 -7 -16 29 -18 21 -2 23 -22 25 -25 28 -28 -15 -19
right_child=1 2 3 -5 15 14 10 -9 -10 -11 -12 12 -14 26 17 -17 19 18 -20 -21 22 -23 -24 24 -26 -27 27 -29 -30 -31
leaf_value=-477.36264701993036 140.32317838636109 9322.8219499860497 1304.602306366678 8628.2551231384277 -63.606324273008958 777.56238408734362 -312.9813795006794 7705.8724795386916 -1694.9688059574416 5045.7870054183477 -6223.2443359375002 6570.7254501674488 -1012.0660339355469 -204.84734772013246 -2152.5337239928167 167.11510237063646 1280.5098869323731 3775.0157389322917 -3704.0911621093751 6099.4102353050594 3118.3252679443358 -1647.9625344932626 405.35611639320007 -1102.5794612065415 2725.5623598845109 -5754.0620140438987 5293.4338294982917 -1279.720779141513 -988.77699674241092 247.94562912427466
leaf_weight=5717 11296 28 1073 24 31209 4180 23 21 119 31 20 23 20 29142 59 7395 32 21 20 21 25 109 7756 163 23 21 24 22 423 390
leaf_count=5717 11296 28 1073 24 31209 4180 23 21 119 31 20 23 20 29142 59 7395 32 21 20 21 25 109 7756 163 23 21 24 22 423 390
internal_value=0 383.065 1684.04 1504.61 -132.113 317.689 1358.23 1527.18 220.848 1409.65 -3061.94 232.578 3043.85 -255.268 718.647 -19.4092 807.766 -51.2392 236.409 3189.89 226.344 123.232 373.564 -689.266 -1149.12 -1633.46 -212.388 2149.75 -216.063 428.161
internal_weight=0 25498 1220 1192 73932 24278 1168 1125 19555 1104 43 19436 43 35328 4723 38604 4233 490 431 53 19393 11405 7988 232 207 184 29611 46 29565 411
internal_count=99430 25498 1220 1192 73932 24278 1168 1125 19555 1104 43 19436 43 35328 4723 38604 4233 490 431 53 19393 11405 7988 232 207 184 29611 46 29565 411
is_linear=0
shrinkage=0.1


Tree=26
num_leaves=31
num_cat=0
split_feature=39 25 10 20 18 39 36 7 32 25 34 41 39 15 14 11 14 10 25 31 14 17 35 37 7 40 38 39 7 11
split_gain=4.13469e+11 1.64994e+11 1.59756e+11 1.62911e+11 7.95884e+10 7.19098e+10 5.73574e+10 4.35705e+10 4.10929e+10 7.24607e+10 3.8498e+10 7.60498e+10 6.65718e+10 4.01719e+10 3.59292e+10 4.27885e+10 3.36035e+10 3.5788e+10 4.45227e+10 3.59927e+10 4.43987e+10 3.50904e+10 3.2397e+10 3.74719e+10 5.70948e+10 3.23779e+10 2.99514e+10 2.84566e+10 3.48188e+10 2.37251e+10
threshold=102758.24175824177 55500.000000000007 513500.00000000006 967000.00000000012 247500.00000000003 33697.802197802208 44500.000000000007 -136499.99999999997 79500.000000000015 78500.000000000015 23500.000000000004 10928.571428571429 43609.890109890119 97500.000000000015 98500.000000000015 180500.00000000003 276500.00000000006 167500.00000000003 292500.00000000006 42500.000000000007 95500.000000000015 286500.00000000006 38500.000000000007 132500.00000000003 11500.000000000002 135583.33333333334 1045500.0000000001 58763.736263736275 -118499.99999999999 8500.0000000000018
decision_type=2 10 10 8 10 2 8 8 8 10 10 8 2 10 10 10 10 8 10 8 10 10 10 10 10 10 8 2 8 10
left_child=1 5 4 26 8 29 -6 -7 9 -2 11 12 -9 -12 -8 -16 17 18 19 20 -10 -19 23 -3 -25 -18 -4 -13 -29 -1
right_child=2 22 3 -5 6 7 14 10 16 -11 13 27 -14 -15 15 -17 25 21 -20 -21 -22 -23 -24 24 -26 -27 -28 28 -30 -31
leaf_value=-453.15694662734131 -3448.2410329625231 318.51185495025595 444.61072188483342 12166.762457540761 7372.1162167358407 -2026.0654727902036 5926.1155151367193 7025.7160893031532 6245.8341319208557 312.4502608927051 -150.18980718273642 -65.497036748732711 997.74912443340952 -1267.0876294740817 -956.11249644886357 2168.0967324080293 -2526.7653947353365 1055.6327617409324 5216.2649328613288 458.61196376901574 1199.024706141154 -3155.9277740478519 86.706162397120053 513.81766345001938 6602.1166809082033 1657.9815176156853 4898.7753479590783 4230.4938366117931 153.36194066325217 -224.194940747461
leaf_weight=6014 69 7010 36 23 20 113 20 28 23 199 17690 15965 53 328 55 216 64 1827 20 5824 72 20 17149 43 24 26 26 21 8165 18287
leaf_count=6014 69 7010 36 23 20 113 20 28 23 199 17690 15965 53 328 55 216 64 1827 20 5824 72 20 17149 43 24 26 26 21 8165 18287
internal_value=0 -62.5077 665.261 4978.94 621.895 -143.729 2191.92 -65.0668 561.939 -655.787 -59.822 22.4901 3081.49 -170.522 1835.89 1534.03 603.375 625.583 506.022 490.106 2420.88 1010.03 160.994 341.008 2694.7 -1317.84 2312.49 12.2306 163.821 -280.858
internal_weight=0 90890 8540 85 8455 66664 311 42363 8144 268 42250 24232 81 18018 291 271 7876 7786 5939 5919 95 1847 24226 7077 67 90 62 24151 8186 24301
internal_count=99430 90890 8540 85 8455 66664 311 42363 8144 268 42250 24232 81 18018 291 271 7876 7786 5939 5919 95 1847 24226 7077 67 90 62 24151 8186 24301
is_linear=0
shrinkage=0.1


end of trees

feature_importances:
mean_income_all=172
income_3_day_before=75
mean_income_last_3_days=53
income_10_day_before=50
income_9_day_before=42
income_17_day_before=38
income_4_day_before=29
income_1_day_before=28
income_2_day_before=24
yesterday_growth_of_income_growth=22
mean_income_last_30_days=17
money_in=16
mean_income_last_7_days=16
latitude=14
income_5_day_before=14
income_6_day_before=14
income_14_day_before=14
money=12
income_12_day_before=12
income_24_day_before=12
yesterday_income_growth=11
income_11_day_before=11
income_13_day_before=11
income_7_day_before=10
weekday=9
income_8_day_before=8
TID=7
income_15_day_before=7
income_20_day_before=7
income_25_day_before=7
income_18_day_before=6
income_29_day_before=6
income_16_day_before=5
day=4
income_21_day_before=4
income_22_day_before=4
income_27_day_before=4
income_23_day_before=3
income_28_day_before=3
income_30_day_before=3
longitude=2
income_19_day_before=2
income_26_day_before=2

parameters:
[boosting: gbdt]
[objective: regression]
[metric: l2]
[tree_learner: serial]
[device_type: cpu]
[data: ]
[valid: ]
[num_iterations: 27]
[learning_rate: 0.1]
[num_leaves: 31]
[num_threads: -1]
[deterministic: 0]
[force_col_wise: 0]
[force_row_wise: 0]
[histogram_pool_size: -1]
[max_depth: -1]
[min_data_in_leaf: 20]
[min_sum_hessian_in_leaf: 0.001]
[bagging_fraction: 0.7]
[pos_bagging_fraction: 1]
[neg_bagging_fraction: 1]
[bagging_freq: 0]
[bagging_seed: 3014]
[feature_fraction: 0.7]
[feature_fraction_bynode: 1]
[feature_fraction_seed: 29554]
[extra_trees: 0]
[extra_seed: 19515]
[early_stopping_round: 0]
[first_metric_only: 0]
[max_delta_step: 0]
[lambda_l1: 0]
[lambda_l2: 0]
[linear_lambda: 0]
[min_gain_to_split: 0]
[drop_rate: 0.1]
[max_drop: 50]
[skip_drop: 0.5]
[xgboost_dart_mode: 0]
[uniform_drop: 0]
[drop_seed: 12050]
[top_rate: 0.2]
[other_rate: 0.1]
[min_data_per_group: 100]
[max_cat_threshold: 32]
[cat_l2: 10]
[cat_smooth: 10]
[max_cat_to_onehot: 4]
[top_k: 20]
[monotone_constraints: ]
[monotone_constraints_method: basic]
[monotone_penalty: 0]
[feature_contri: ]
[forcedsplits_filename: ]
[refit_decay_rate: 0.9]
[cegb_tradeoff: 1]
[cegb_penalty_split: 0]
[cegb_penalty_feature_lazy: ]
[cegb_penalty_feature_coupled: ]
[path_smooth: 0]
[interaction_constraints: ]
[verbosity: -1]
[saved_feature_importance_type: 0]
[linear_tree: 0]
[max_bin: 255]
[max_bin_by_feature: ]
[min_data_in_bin: 3]
[bin_construct_sample_cnt: 200000]
[data_random_seed: 126]
[is_enable_sparse: 1]
[enable_bundle: 1]
[use_missing: 1]
[zero_as_missing: 0]
[feature_pre_filter: 1]
[pre_partition: 0]
[two_round: 0]
[header: 0]
[label_column: ]
[weight_column: ]
[group_column: ]
[ignore_column: ]
[categorical_feature: ]
[forcedbins_filename: ]
[precise_float_parser: 0]
[objective_seed: 25204]
[num_class: 1]
[is_unbalance: 0]
[scale_pos_weight: 1]
[sigmoid: 1]
[boost_from_average: 1]
[reg_sqrt: 0]
[alpha: 0.9]
[fair_c: 1]
[poisson_max_delta_step: 0.7]
[tweedie_variance_power: 1.5]
[lambdarank_truncation_level: 30]
[lambdarank_norm: 1]
[label_gain: ]
[eval_at: ]
[multi_error_top_k: 1]
[auc_mu_weights: ]
[num_machines: 1]
[local_listen_port: 12400]
[time_out: 120]
[machine_list_filename: ]
[machines: ]
[gpu_platform_id: -1]
[gpu_device_id: -1]
[gpu_use_dp: 0]
[num_gpu: 1]

end of parameters

pandas_categorical:[]
