tree
version=v3
num_class=1
num_tree_per_iteration=1
label_index=0
max_feature_idx=42
objective=regression
feature_names=TID money_in money longitude latitude day weekday yesterday_income_growth yesterday_growth_of_income_growth income_1_day_before income_2_day_before income_3_day_before income_4_day_before income_5_day_before income_6_day_before income_7_day_before income_8_day_before income_9_day_before income_10_day_before income_11_day_before income_12_day_before income_13_day_before income_14_day_before income_15_day_before income_16_day_before income_17_day_before income_18_day_before income_19_day_before income_20_day_before income_21_day_before income_22_day_before income_23_day_before income_24_day_before income_25_day_before income_26_day_before income_27_day_before income_28_day_before income_29_day_before income_30_day_before mean_income_all mean_income_last_30_days mean_income_last_7_days mean_income_last_3_days
feature_infos=[406136:699664] [0:2697000] [0:6019000] [35.500558769999998:39.842458970000003] [54.458422939999998:56.757842529999998] [1:31] [0:6] [-2214000:2697000] [-4911000:2697000] [0:2697000] [0:2697000] [0:2697000] [0:2697000] [0:2697000] [0:2697000] [0:2697000] [0:2697000] [0:2697000] [0:2697000] [0:2697000] [0:2697000] [0:2697000] [0:2697000] [0:2697000] [0:2697000] [0:2697000] [0:2697000] [0:2697000] [0:2697000] [0:2697000] [0:2697000] [0:2697000] [0:2697000] [0:2697000] [0:2697000] [0:2697000] [0:2697000] [0:2697000] [0:2697000] [2274.7252747252742:734461.5384615385] [0:843500] [0:917142.85714285716] [0:1247000]
tree_sizes=2840 2850 2867 2839 2862 2827 2882 2846 2884 2854 2863 2898 2889 2851 2858 2829 2852 2858 2847 2853 2843 2873 2828 2842 2860 2848 2835 2826 2851 2842 2870

Tree=0
num_leaves=31
num_cat=0
split_feature=39 39 39 39 4 39 39 39 1 9 39 39 39 16 7 39 30 39 14 16 9 16 39 9 11 14 41 9 39 38
split_gain=7.94596e+13 3.00667e+13 2.16761e+13 9.58831e+12 7.13684e+12 4.20397e+12 3.45006e+12 1.8219e+12 1.60073e+12 1.5787e+12 6.39741e+11 5.43506e+11 4.40848e+11 4.39805e+11 4.30299e+11 4.26665e+11 3.36725e+11 2.98496e+11 2.81554e+11 2.62009e+11 1.98391e+11 1.98497e+11 1.96891e+11 1.96357e+11 1.32535e+11 1.40592e+11 1.26723e+11 1.16702e+11 9.4862e+10 1.12981e+11
threshold=83862.637362637368 252285.71428571432 42313.186813186818 133060.43956043958 55.950833515000006 60115.384615384624 24637.362637362643 106637.36263736265 396000.00000000006 185500.00000000003 70543.956043956059 51142.857142857152 158895.60439560443 304500.00000000006 -88499.999999999985 32214.285714285721 491500.00000000006 14615.384615384619 474500.00000000006 210500.00000000003 69500.000000000015 83500.000000000015 93934.065934065948 122500.00000000001 240500.00000000003 386500.00000000006 55928.571428571435 83500.000000000015 125153.84615384617 147500.00000000003
decision_type=2 2 2 2 2 2 2 2 2 10 2 2 2 10 8 2 8 2 8 10 8 8 2 10 8 8 8 10 2 10
left_child=2 3 6 7 8 11 17 22 13 12 -7 -4 20 24 -6 -8 -10 -1 -18 -11 21 -5 -2 26 -3 -26 -9 -12 -25 -30
right_child=1 4 5 9 14 10 15 23 16 19 27 -13 -14 -15 -16 -17 18 -19 -20 -21 -22 -23 -24 28 25 -27 -28 -29 29 -31
leaf_value=52015.937534997909 59875.132556412158 84152.333707242884 55664.331297755816 54533.146659044098 113798.65397915848 57514.257748373442 53849.232531268601 55146.381989902511 90387.59752616784 69737.994539357402 58437.488371345207 56544.844988617748 68019.693499881891 88340.008718184763 131289.32996983448 54753.124890026658 111101.8165779727 52911.620430796189 96045.455354895006 73350.169248387218 65387.351557502858 64219.59626043067 60917.617561218445 63129.806721184032 77610.443785455078 68180.90538693039 62449.663108976245 59255.63418535133 65148.111518797479 61837.23564909659
leaf_weight=7503 4026 21 14396 34 22 10675 8235 24 37 620 5653 13664 770 51 39 14274 23 7381 27 297 1578 56 3294 1003 64 21 2362 2521 636 123
leaf_count=7503 4026 21 14396 34 22 10675 8235 24 37 620 5653 13664 770 51 39 14274 23 7381 27 297 1578 56 3294 1003 64 21 2362 2521 636 123
internal_value=56634.9 63308.2 55437.3 62668.7 94387.4 56869 53641.3 61293.1 86739 67370.9 58024 56093.1 66040.5 80709.6 124981 54422.4 97619.7 52460.1 102971 70907.9 65126.9 60560.3 60344.3 62967.5 77038.4 75280.8 62376.2 58689.8 63768.1 64611.6
internal_weight=0 15128 84302 14823 305 46909 37393 11468 244 3355 18849 28060 2438 157 61 22509 87 14884 50 917 1668 90 7320 4148 106 85 2386 8174 1762 759
internal_count=99430 15128 84302 14823 305 46909 37393 11468 244 3355 18849 28060 2438 157 61 22509 87 14884 50 917 1668 90 7320 4148 106 85 2386 8174 1762 759
is_linear=0
shrinkage=1


Tree=1
num_leaves=31
num_cat=0
split_feature=39 39 39 39 4 39 39 39 1 9 39 39 39 7 39 23 9 30 1 42 39 23 39 11 39 15 23 40 8 42
split_gain=6.44109e+13 2.39187e+13 1.84196e+13 7.14939e+12 5.78084e+12 3.62282e+12 2.99623e+12 1.57274e+12 1.2966e+12 9.50276e+11 5.61826e+11 4.35336e+11 3.58726e+11 3.48542e+11 2.94482e+11 2.85123e+11 2.77678e+11 2.72747e+11 2.43736e+11 2.38976e+11 2.15391e+11 2.0554e+11 1.46145e+11 1.26653e+11 1.21838e+11 1.15647e+11 1.09343e+11 9.90862e+10 9.85126e+10 9.538e+10
threshold=86670.32967032968 252285.71428571432 43285.71428571429 141604.39560439563 55.950833515000006 61302.197802197807 25796.703296703297 108791.20879120882 396000.00000000006 185500.00000000003 72186.813186813204 51708.791208791219 34835.16483516484 -88499.999999999985 15829.670329670331 292500.00000000006 138500.00000000003 491500.00000000006 497500.00000000006 118833.33333333336 200807.69230769234 18500.000000000004 96813.186813186825 238500.00000000003 158895.60439560443 250500.00000000003 88500.000000000015 126983.33333333336 45500.000000000007 32833.333333333343
decision_type=2 2 2 2 2 2 2 2 2 10 2 2 2 8 2 10 8 8 2 8 2 8 2 8 2 10 10 8 8 10
left_child=2 3 6 7 8 11 14 22 15 16 -7 -4 -8 -6 -1 23 21 -10 -19 29 25 -5 -2 -3 -18 -11 -12 -23 -25 -9
right_child=1 4 5 9 13 10 12 19 17 20 26 -13 -14 -15 -16 -17 24 18 -20 -21 -22 27 -24 28 -26 -27 -28 -29 -30 -31
leaf_value=-4111.864009769628 3169.8476819807302 25980.07486328125 -805.33263581510982 -1560.466109664352 51447.408380681823 900.72402203072386 -2352.1434735941725 -258.02962535511364 30377.456735641896 11648.21904960191 1827.5889720965301 -14.753668152990654 -1557.5364005780193 67189.016746794878 -3244.614571518403 27993.994882015308 8761.6953012912472 35761.504364224144 49907.592708333337 6578.4071568339923 15316.753383436313 13180.132380022322 4135.9924329523928 18978.762339154415 10658.972862211187 19029.172682883524 2770.1175866570134 7047.0603868943117 10994.813679504396 5170.6687688427883
leaf_weight=8418 4026 20 14274 27 22 10736 10370 33 37 605 6600 13603 12566 39 7320 49 697 29 21 2679 263 28 2562 68 658 22 1513 445 20 1680
leaf_count=8418 4026 20 14274 27 22 10736 10370 33 37 605 6600 13603 12566 39 7320 49 697 29 21 2679 263 28 2562 68 658 22 1513 445 20 1680
internal_value=0 6279.44 -1031.62 5663.93 33977.3 304.486 -2645.91 4522.77 27093.7 10228.6 1375.32 -419.558 -1916.8 61511.7 -3708.49 21667.3 8939.82 36886.3 41702.9 5988.56 12914.7 6925.71 3545.57 18796.8 9683.03 11907.2 2003.36 7410.12 17164.2 5066.09
internal_weight=0 14030 85400 13725 305 46726 38674 10980 244 2745 18849 27877 22936 61 15738 157 1855 87 50 4392 890 500 6588 108 1355 627 8113 473 88 1713
internal_count=99430 14030 85400 13725 305 46726 38674 10980 244 2745 18849 27877 22936 61 15738 157 1855 87 50 4392 890 500 6588 108 1355 627 8113 473 88 1713
is_linear=0
shrinkage=0.1


Tree=2
num_leaves=31
num_cat=0
split_feature=39 39 39 39 1 39 39 4 39 39 19 39 12 23 39 39 16 16 16 40 17 39 42 42 23 39 16 23 15 30
split_gain=5.22589e+13 1.99324e+13 1.38441e+13 6.7315e+12 4.69071e+12 2.90086e+12 1.95018e+12 1.47565e+12 1.42493e+12 8.8132e+11 7.52274e+11 5.31431e+11 4.24498e+11 3.50959e+11 2.94279e+11 2.64866e+11 2.56954e+11 2.4983e+11 2.44483e+11 1.72205e+11 1.64174e+11 1.48386e+11 1.40685e+11 1.38046e+11 1.54481e+11 1.19795e+11 1.07898e+11 9.54791e+10 9.50243e+10 8.97478e+10
threshold=82285.714285714304 252285.71428571432 40736.263736263747 126521.97802197804 590500.00000000012 57532.967032967041 22428.571428571431 55.937786545000009 171978.02197802201 102758.24175824177 856500.00000000012 67950.549450549457 223500.00000000003 511000.00000000006 48500.000000000007 30857.142857142859 151500.00000000003 250500.00000000003 210500.00000000003 150483.33333333337 304500.00000000006 12170.329670329673 117500.00000000001 144166.66666666672 76500.000000000015 89252.747252747271 174500.00000000003 89500.000000000015 233500.00000000003 79500.000000000015
decision_type=2 2 2 2 2 2 2 2 2 2 8 2 8 10 2 2 10 10 10 10 8 2 8 8 8 2 10 10 10 10
left_child=2 3 6 9 7 14 21 12 16 25 -6 -7 -3 -9 -4 -8 23 -14 -10 22 -19 -1 -11 24 29 -2 -24 -13 -25 -5
right_child=1 4 5 8 10 11 15 13 18 19 -12 27 17 -15 -16 -17 -18 20 -20 -21 -22 -23 26 28 -26 -27 -28 -29 -30 -31
leaf_value=-3883.2135927395648 2340.6280010051414 30827.132327586209 -932.99856053819065 -2344.9422542148168 45542.983467741935 519.9803773166027 -2366.8841793604734 32428.229464285716 10220.851813597035 4212.1262822778544 68374.737268518526 1399.2572647750978 12172.164380787037 48147.758906250005 -273.73705480103143 -1642.2776783710594 8339.778054273067 16910.280348557695 13493.655933902141 -4135.5106711647732 25262.032185683143 -3202.227543411173 5232.5773550380363 7156.865117921333 5956.8314987250442 3166.3971991144681 8827.5627341530544 2378.6917797655447 14129.001175537109 4668.3380067567568
leaf_weight=5185 2928 29 13603 36 31 12505 8296 49 916 2227 27 8138 54 20 13481 12871 967 52 304 22 43 8357 1628 865 1125 4392 88 1134 20 37
leaf_count=5185 2928 29 13603 36 31 12505 8296 49 916 2227 27 8138 54 20 13481 12871 967 52 304 22 43 8357 1628 865 1125 4392 88 1134 20 37
internal_value=0 5262.53 -998.729 4766.12 30579.6 86.0629 -2525.83 24570.1 8148 3486.49 56171.6 945.353 19757.8 36984.6 -604.853 -1926.27 6992.65 17603.3 11036.4 4687.23 20690.5 -3462.97 4736.46 6367.27 5667.57 2836.09 5416.94 1519.05 7314.43 1209.73
internal_weight=0 15860 83570 15555 305 48861 34709 247 4270 11285 58 21777 178 69 27084 21167 3050 149 1220 3965 95 13542 3943 2083 1198 7320 1716 9272 885 73
internal_count=99430 15860 83570 15555 305 48861 34709 247 4270 11285 58 21777 178 69 27084 21167 3050 149 1220 3965 95 13542 3943 2083 1198 7320 1716 9272 885 73
is_linear=0
shrinkage=0.1


Tree=3
num_leaves=31
num_cat=0
split_feature=39 39 39 39 9 39 39 39 39 16 41 23 39 9 9 19 39 39 16 9 39 29 18 20 39 37 28 16 23 9
split_gain=4.23421e+13 1.63883e+13 1.07233e+13 5.89326e+12 3.25785e+12 2.16075e+12 1.53824e+12 1.27379e+12 7.26123e+11 6.47827e+11 4.23887e+11 6.17459e+11 3.83329e+11 3.27855e+11 2.82807e+11 2.32425e+11 2.16286e+11 2.05955e+11 1.60583e+11 1.30839e+11 1.22695e+11 1.11556e+11 1.00443e+11 1.79631e+11 9.33033e+10 8.56667e+10 9.03653e+10 8.44879e+10 8.12805e+10 8.02375e+10
threshold=80351.648351648371 252285.71428571432 40428.571428571442 125153.84615384617 575500.00000000012 56357.142857142862 22428.571428571431 158895.60439560443 101494.50549450552 344500.00000000006 inf 641500.00000000012 67423.076923076951 200500.00000000003 139500.00000000003 796500.00000000012 47818.681318681323 29983.516483516487 44500.000000000007 88500.000000000015 13247.252747252749 401500.00000000006 63500.000000000007 111500.00000000001 115593.4065934066 304500.00000000006 315500.00000000006 151500.00000000003 89500.000000000015 80500.000000000015
decision_type=2 2 2 2 10 2 2 2 2 8 8 8 2 8 8 8 2 2 8 10 2 8 8 8 2 8 10 8 10 10
left_child=2 3 6 8 9 16 20 14 19 25 11 21 -7 27 18 -6 -4 -8 29 -2 -1 -11 23 -16 -10 -3 -27 -9 -14 -5
right_child=1 4 5 7 15 12 17 13 24 10 -12 -13 28 -15 22 -17 -18 -19 -20 -21 -22 -23 -24 -25 -26 26 -28 -29 -30 -31
leaf_value=-3443.1528569652201 1998.1146028605924 13621.841946476065 -874.17822438979567 -2663.8706269916738 41041.791250000002 414.45970074295974 -2173.1005032817652 6410.5629141403861 3704.9880054691262 20241.530825407608 16293.892438616072 45026.357954545456 1164.9205570494382 11590.825462641771 18688.000915527344 53666.270044642864 -301.73958750806077 -1513.6856918035926 5257.3016355321306 2805.5509583184726 -2839.1574246186638 28471.727464978452 6778.6035124023756 6807.8292180524559 4705.7371286480802 16795.09269863697 24820.634921875 8897.397470078311 2154.6751243278227 3609.1616832386362
leaf_weight=6222 3804 47 12932 38 25 12871 7320 163 2562 23 28 22 7980 518 20 35 13481 13420 1377 4248 7320 58 1536 35 1464 47 20 844 926 44
leaf_count=6222 3804 47 12932 38 25 12871 7320 163 2562 23 28 22 7980 518 20 35 13481 13420 1377 4248 7320 58 1536 35 1464 47 20 844 926 44
internal_value=0 4550.86 -935.754 4130.15 27521.6 26.005 -2287.69 7186.72 2972.36 22407.1 27204 30169.9 763.457 9546.47 6006.84 48406.1 -582.01 -1746.42 5001.29 2424.09 -3116.67 26134.8 6928.96 11127.9 4068.9 16894.8 19190.8 8494.86 1267.83 702.147
internal_weight=0 16958 82472 16653 305 48190 34282 4575 12078 245 131 103 21777 1525 3050 60 26413 20740 1459 8052 13542 81 1591 55 4026 114 67 1007 8906 82
internal_count=99430 16958 82472 16653 305 48190 34282 4575 12078 245 131 103 21777 1525 3050 60 26413 20740 1459 8052 13542 81 1591 55 4026 114 67 1007 8906 82
is_linear=0
shrinkage=0.1


Tree=4
num_leaves=31
num_cat=0
split_feature=39 39 39 39 1 39 39 4 39 30 9 12 39 39 39 9 17 9 9 1 9 17 9 40 42 37 39 42 40 9
split_gain=3.43505e+13 1.25352e+13 1.01973e+13 3.63894e+12 3.23681e+12 2.04667e+12 1.66821e+12 1.00645e+12 7.31072e+11 6.52774e+11 5.50992e+11 3.1623e+11 2.68921e+11 2.57304e+11 2.371e+11 2.31539e+11 2.11485e+11 1.94807e+11 1.83873e+11 1.43082e+11 1.30672e+11 1.16458e+11 9.41925e+10 9.62251e+10 9.37245e+10 9.09046e+10 8.51366e+10 7.23368e+10 7.19695e+10 8.60002e+10
threshold=87912.087912087925 252285.71428571432 45978.021978021985 141604.39560439563 590500.00000000012 27620.879120879123 64796.703296703301 55.937786545000009 115593.4065934066 796500.00000000012 185500.00000000003 223500.00000000003 55186.813186813197 18461.538461538468 37868.131868131873 254500.00000000003 494000.00000000006 75500.000000000015 1.0000000180025095e-35 207500.00000000003 101500.00000000001 315500.00000000006 146500.00000000003 126983.33333333336 41833.333333333336 80500.000000000015 76895.604395604416 131500.00000000003 176166.66666666672 172500.00000000003
decision_type=2 2 2 2 2 2 2 2 2 8 10 8 2 2 2 10 10 10 8 2 10 10 8 8 8 10 2 8 10 10
left_child=2 3 5 8 7 13 12 11 20 -6 18 -3 -4 -1 -7 -13 -9 -8 25 -12 -2 -17 23 -20 -10 -5 -19 -26 29 -29
right_child=1 4 6 10 9 14 17 16 24 -11 19 15 -14 -15 -16 21 -18 26 22 -21 -22 -23 -24 -25 27 -27 -28 28 -30 -31
leaf_value=-2923.993905044028 2435.7415837642552 25357.177368164062 -361.14362468223169 -1884.8963687294408 32941.546705163048 -1534.1828936806216 901.01469605470254 25454.917006478659 -1740.1667841372284 54628.449776785717 8605.0927430574357 8044.9329653532614 267.64048817518892 -2144.4932150328987 -929.34729370918944 14165.670059742648 36729.303180803574 1250.4308289398232 10926.061102653954 11260.48116419978 3311.2338885978043 21264.953314034599 7249.2024242357429 5463.1330578583947 4261.2856750114934 5976.3496012369797 1962.4720871936217 5016.1874183382988 -334.90605468750005 7476.7040341963693
leaf_weight=10980 3961 29 15372 38 23 12993 8015 41 23 35 577 46 12200 6893 12932 68 28 3148 34 313 2993 35 1135 624 1880 24 3599 1207 23 161
leaf_count=10980 3961 29 15372 38 23 12993 8015 41 23 35 577 46 12200 6893 12932 68 28 3148 34 313 2993 35 1135 624 1880 24 3599 1207 23 161
internal_value=0 4730.39 -730.33 4259.99 24769.5 -1800.07 376.403 19777.5 3393.86 46028.5 7493.55 15803.2 -82.9206 -2623.37 -1232.48 13943.7 30030 1234.31 6512.2 9538.95 2812.55 16578 6697.34 5745.41 4621.06 1158.17 1630.25 4665.79 5212.5 5305.77
internal_weight=0 13298 86132 12993 305 43798 42334 247 10248 58 2745 178 27572 17873 25925 149 69 14762 1855 890 6954 103 1793 658 3294 62 6747 3271 1391 1368
internal_count=99430 13298 86132 12993 305 43798 42334 247 10248 58 2745 178 27572 17873 25925 149 69 14762 1855 890 6954 103 1793 658 3294 62 6747 3271 1391 1368
is_linear=0
shrinkage=0.1


Tree=5
num_leaves=31
num_cat=0
split_feature=39 39 39 39 1 39 39 16 16 28 39 21 39 39 39 39 39 11 2 2 39 16 41 16 36 20 32 31 16 39
split_gain=2.7845e+13 1.05871e+13 7.37663e+12 3.59816e+12 2.62181e+12 1.3278e+12 1.26923e+12 7.95714e+11 7.39021e+11 5.23188e+11 4.78108e+11 2.80477e+11 2.29614e+11 1.99685e+11 1.9426e+11 1.67615e+11 1.57459e+11 1.1389e+11 1.27481e+11 2.0394e+11 1.09692e+11 9.34107e+10 9.25953e+10 9.12235e+10 8.16413e+10 6.26853e+10 6.18447e+10 1.27135e+11 6.0274e+10 7.04483e+10
threshold=82285.714285714304 252285.71428571432 43005.494505494513 126521.97802197804 590500.00000000012 61302.197802197807 23967.03296703297 175500.00000000003 344500.00000000006 inf 105175.82417582419 594000.00000000012 149879.12087912092 50010.989010989018 34230.769230769241 68945.054945054959 187060.43956043958 222500.00000000003 813500.00000000012 517500.00000000006 11692.307692307693 66500.000000000015 63500.000000000007 96500.000000000015 361500.00000000006 88500.000000000015 44500.000000000007 140500.00000000003 151500.00000000003 200807.69230769234
decision_type=2 2 2 2 2 2 2 10 10 8 2 8 2 2 2 2 2 8 2 2 2 8 8 10 8 8 8 10 8 2
left_child=2 3 6 10 8 13 20 12 17 -6 23 24 21 -4 -8 -7 25 -3 19 -19 -1 -5 -12 -2 -10 -9 27 -23 -14 -30
right_child=1 4 5 7 9 15 14 16 11 -11 22 -13 28 -15 -16 -17 -18 18 -20 -21 -22 26 -24 -25 -26 -27 -28 -29 29 -31
leaf_value=-2884.0136137825648 1853.539020897897 20022.219931175598 -586.84484654669711 1538.3664770687328 34535.322717927629 517.10176267468546 -1616.1624910304974 11679.604076360887 16106.943339843752 54517.196406250005 -2972.4818625710232 34620.149181547626 5289.547655717759 -51.42023794546656 -1042.2008230140798 1144.7588516090962 9720.4343713461949 12595.662256659838 16459.363817223839 959.38916015625 -2297.8077345483389 14225.420195312501 3535.0260082964728 2582.8766752111878 23469.31162909836 7075.2006367301947 4557.8346710686592 3323.884829313859 6526.7641463649024 10411.212234375002
leaf_weight=4758 5103 21 12383 102 38 8479 10797 31 20 20 22 21 420 15921 12993 8540 441 61 43 20 9699 20 3577 2583 61 640 1838 23 705 50
leaf_count=4758 5103 21 12383 102 38 8479 10797 31 20 20 22 21 420 15921 12993 8540 441 61 43 20 9699 20 3577 2583 61 640 1838 23 705 50
internal_value=0 3841.39 -729.023 3479.6 22292.5 134.042 -1751.76 5952.14 17799.7 41425.6 2544.05 24321.5 5142.09 -285.669 -1302.69 832.055 8252.61 13212 12058.7 9722.51 -2490.74 4485.71 3495.25 2098.64 21651.4 7287.92 4645.54 8394.37 6249.82 6784.01
internal_weight=0 15860 83570 15555 305 45323 38247 4270 247 58 11285 102 3158 28304 23790 17019 1112 145 124 81 14457 1983 3599 7686 81 671 1881 43 1175 755
internal_count=99430 15860 83570 15555 305 45323 38247 4270 247 58 11285 102 3158 28304 23790 17019 1112 145 124 81 14457 1983 3599 7686 81 671 1881 43 1175 755
is_linear=0
shrinkage=0.1


Tree=6
num_leaves=31
num_cat=0
split_feature=42 1 42 42 1 23 42 41 9 42 8 42 1 41 15 21 1 37 7 9 41 41 9 23 23 9 27 9 23 17
split_gain=2.04654e+13 8.16429e+12 6.19718e+12 2.78949e+12 1.65614e+12 1.18991e+12 7.87396e+11 6.68779e+11 5.36343e+11 4.73557e+11 4.64793e+11 3.79916e+11 4.74879e+11 2.3113e+11 2.20115e+11 1.89853e+11 1.88375e+11 1.77376e+11 1.7013e+11 1.67807e+11 1.39178e+11 1.35711e+11 1.31849e+11 1.31266e+11 1.04156e+11 1.03762e+11 1.0138e+11 9.13339e+10 9.12949e+10 8.74695e+10
threshold=89166.666666666672 373000.00000000006 42500.000000000007 155833.33333333334 66500.000000000015 641500.00000000012 25166.666666666668 115357.14285714287 219500.00000000003 55500.000000000007 -78499.999999999985 74500.000000000015 137500.00000000003 1.0000000180025095e-35 238500.00000000003 513500.00000000006 294000.00000000006 330500.00000000006 167500.00000000003 116500.00000000001 34785.714285714297 19357.142857142859 97500.000000000015 126500.00000000001 65500.000000000007 128500.00000000001 304500.00000000006 39500.000000000007 73500.000000000015 36500.000000000007
decision_type=10 2 8 10 2 8 10 10 10 10 8 8 2 8 10 10 2 8 10 10 8 10 10 10 10 8 10 10 10 10
left_child=2 3 6 7 9 17 13 22 19 27 -7 28 -13 -1 18 -12 25 -3 -10 -5 -8 -15 -2 -9 -11 -14 -16 -4 -6 -25
right_child=1 5 4 8 11 10 20 23 14 24 15 12 16 21 26 -17 -18 -19 -20 -21 -22 -23 -24 29 -26 -27 -28 -29 -30 -31
leaf_value=874.85886044101869 1738.98971117464 10919.601123046876 -942.37464844097212 1888.040020813605 367.50312728966446 48120.213411458331 -1449.3442587091492 3341.731498782734 9039.3729856903701 64.84181785664137 23627.963671875001 1356.3173260308854 2462.1111618850409 -2308.7548329902688 11678.177890625 37406.670859375001 13782.653566576088 21632.805689912686 1928.3132897010216 6127.9093122625791 -908.66529308386896 -1673.6532491115017 2597.2442151649843 8669.1721564797808 683.56643976914529 5934.8345077209478 18963.341725852275 -418.28642971702493 1134.1949918819632 4459.0859410924231
leaf_weight=262 3168 20 4131 99 6312 24 8107 1778 245 9934 20 6869 151 11284 145 20 23 68 39 1635 11535 4794 4115 51 3747 200 22 17048 2060 1524
leaf_count=262 3168 20 4131 99 6312 24 8107 1778 245 9934 20 6869 151 11284 145 20 23 68 39 1635 11535 4794 4115 51 3747 200 22 17048 2060 1524
internal_value=0 3703.66 -555.74 3430.51 159.088 26743.4 -1558.49 2761.95 6684.86 -224.281 37118.4 1014.95 1545.26 -2071.38 9756.94 30517.3 5015.37 19198 8062.85 5885.84 -1131.82 -2119.39 2223.92 3930.62 234.3 4440.87 12637.9 -520.511 556.154 4595.41
internal_weight=0 12973 86457 12821 50475 152 35982 10636 2185 34860 64 15615 7243 16340 451 40 374 88 284 1734 19642 16078 7283 3353 13681 351 167 21179 8372 1575
internal_count=99430 12973 86457 12821 50475 152 35982 10636 2185 34860 64 15615 7243 16340 451 40 374 88 284 1734 19642 16078 7283 3353 13681 351 167 21179 8372 1575
is_linear=0
shrinkage=0.1


Tree=7
num_leaves=31
num_cat=0
split_feature=39 39 39 39 1 39 39 9 23 39 9 3 39 39 9 17 16 12 9 9 39 23 23 25 40 16 3 17 1 9
split_gain=1.85834e+13 6.71866e+12 5.62479e+12 1.91333e+12 1.76758e+12 1.11997e+12 9.29727e+11 6.63512e+11 5.14729e+11 3.60722e+11 3.16492e+11 2.3249e+11 1.74695e+11 1.66374e+11 1.38378e+11 1.36539e+11 1.32426e+11 1.11561e+11 1.37766e+11 1.08739e+11 1.02882e+11 8.77953e+10 8.25201e+10 7.98274e+10 7.61327e+10 8.2379e+10 8.05027e+10 7.45429e+10 7.30211e+10 6.23996e+10
threshold=89252.747252747271 252285.71428571432 45978.021978021985 141604.39560439563 590500.00000000012 28780.219780219784 65763.736263736282 508000.00000000006 990500.00000000012 115593.4065934066 200500.00000000003 37.97622848000001 16978.021978021981 56357.142857142862 137500.00000000003 543500.00000000012 44500.000000000007 223500.00000000003 233500.00000000003 78500.000000000015 38120.87912087913 225500.00000000003 120500.00000000001 108500.00000000001 157100.00000000003 121500.00000000001 37.669167075000011 315500.00000000006 164500.00000000003 177500.00000000003
decision_type=2 2 2 2 2 2 2 10 8 2 10 2 2 2 8 8 8 10 10 10 2 10 10 8 10 8 2 10 2 10
left_child=2 3 5 9 7 12 13 11 -6 22 14 15 -1 -4 16 17 -5 -3 -19 -8 -7 -12 -2 -18 25 -11 -26 -20 -16 -27
right_child=1 4 6 10 8 20 19 -9 -10 24 21 -13 -14 -15 28 -17 23 18 27 -21 -22 -23 -24 -25 26 29 -28 -29 -30 -31
leaf_value=-2196.604147643091 1984.9802385186763 18917.374248046875 -243.89317214579992 -2271.985985503326 27077.119623766452 -1086.403230891859 713.54717310824924 26860.274894425675 46896.796992187505 2770.3853496906563 6929.4191231567938 18708.379626193575 -1592.5493776970172 250.3903905688029 4714.322229475134 4846.1561434659088 7596.8885972508842 3287.1244335937504 10513.268371775795 1272.4655178859573 -677.71555976864829 9868.3777906013274 3145.2407139248317 3464.3823637451787 2829.4903729838711 3672.4656636963682 -5189.4412016369051 16639.982623922417 6031.5752692851429 5809.4066189512923
leaf_weight=9699 5904 20 16897 37 38 12139 8502 37 20 1155 442 45 9455 11407 816 33 53 20 63 5894 12505 132 684 396 31 1940 21 29 869 147
leaf_count=9699 5904 20 16897 37 38 12139 8502 37 20 1155 442 45 9455 11407 816 33 53 20 63 5894 12505 132 684 396 31 1940 21 29 869 147
internal_value=0 3535.68 -528.607 3181.44 18201.6 -1324.83 288.094 14512.6 33911.5 2532.66 5517.02 12337.1 -1898.42 -44.6884 4964.9 10599.4 3478.33 12037.8 10809.3 942.379 -879.025 7605.28 2105.44 3952.18 3387.1 3447.98 -408.924 12444.5 5393.67 3822.98
internal_weight=0 12932 86498 12627 305 43798 42700 247 58 9882 2745 210 19154 28304 2171 165 486 132 112 14396 24644 574 6588 449 3294 3242 52 92 1685 2087
internal_count=99430 12932 86498 12627 305 43798 42700 247 58 9882 2745 210 19154 28304 2171 165 486 132 112 14396 24644 574 6588 449 3294 3242 52 92 1685 2087
is_linear=0
shrinkage=0.1


Tree=8
num_leaves=31
num_cat=0
split_feature=42 42 42 42 4 9 41 41 16 11 16 9 7 16 41 9 41 13 15 20 4 25 9 41 16 15 15 9 2 9
split_gain=1.35314e+13 5.10173e+12 3.45405e+12 2.43388e+12 7.6334e+11 7.07647e+11 5.76099e+11 4.57212e+11 4.45858e+11 2.92103e+11 2.74953e+11 2.21661e+11 2.0685e+11 1.72754e+11 1.6732e+11 1.65755e+11 1.60844e+11 1.45548e+11 1.40842e+11 1.11244e+11 1.10632e+11 1.06342e+11 9.35961e+10 8.92814e+10 8.85908e+10 8.79522e+10 8.55364e+10 8.30708e+10 8.25602e+10 8.19671e+10
threshold=79833.333333333358 339833.33333333337 41166.666666666679 136166.66666666672 55.950833515000006 61500.000000000007 213571.42857142861 27500.000000000004 101500.00000000001 324500.00000000006 178500.00000000003 164500.00000000003 34500.000000000007 230500.00000000003 55071.42857142858 70500.000000000015 1.0000000180025095e-35 166500.00000000003 67500.000000000015 206500.00000000003 55.618746810000012 78500.000000000015 100500.00000000001 110642.85714285716 81500.000000000015 160500.00000000003 33500.000000000007 16500.000000000004 707500.00000000012 223500.00000000003
decision_type=10 10 8 10 2 10 10 8 10 10 10 10 10 10 10 10 10 8 8 10 2 10 10 10 8 8 10 10 2 10
left_child=2 3 7 8 13 14 10 16 24 -8 15 18 -6 -3 28 -5 20 -13 -7 26 21 -1 -20 -10 -2 -17 -9 -18 -4 -12
right_child=1 4 5 6 12 11 9 19 23 -11 29 17 -14 -15 -16 25 27 -19 22 -21 -22 -23 -24 -25 -26 -27 -28 -29 -30 -31
leaf_value=1757.0624542762494 923.3386153638105 7024.1876808860097 -417.0758794601785 -2177.5257962434189 22476.334353402945 198.24544707818029 8025.7906708734199 -1201.8188308394681 2125.1623913074723 20249.477790178571 5486.8590020402953 -120.46392798790565 34484.607763671876 16909.500223524308 113.02395425668486 3377.2159431824475 -1927.7095335947879 6309.3924444076119 690.18871503665389 6499.36282409668 -568.7141919675081 10213.175817871095 1942.9035501796516 2989.8469183688485 1584.2595637533898 4623.53745188843 -761.27379884747575 -1467.4200903672672 2705.225889605354 8457.1682271705486
leaf_weight=58 3234 22 23059 46 26 7856 283 8125 2487 21 752 52 32 90 8507 1393 9071 109 7919 20 184 20 645 2297 5439 954 9632 6906 85 106
leaf_count=58 3234 22 23059 46 26 7856 283 8125 2487 21 752 52 32 90 8507 1393 9071 109 7919 20 184 20 645 2297 5439 954 9632 6906 85 106
internal_value=0 2552.34 -533.197 2380.09 19789.9 11.0246 4707.25 -1304.86 1765.31 8870.19 4317.97 540.236 29101.6 14967.7 -266.213 3767.3 -1688.45 4232.67 504.031 -954.457 769.197 3925.3 784.537 2540.33 1337.81 3883.82 -962.852 -1728.75 -405.609 5853.82
internal_weight=0 17182 82248 17012 170 48232 3555 34016 13457 304 3251 16581 58 112 31651 2393 16239 161 16420 17777 262 78 8564 4784 8673 2347 17757 15977 23144 858
internal_count=99430 17182 82248 17012 170 48232 3555 34016 13457 304 3251 16581 58 112 31651 2393 16239 161 16420 17777 262 78 8564 4784 8673 2347 17757 15977 23144 858
is_linear=0
shrinkage=0.1


Tree=9
num_leaves=31
num_cat=0
split_feature=39 39 39 39 1 30 39 39 39 4 13 39 12 0 9 1 15 9 39 35 15 27 39 39 23 9 9 9 39 23
split_gain=1.24651e+13 4.89307e+12 2.93087e+12 1.94507e+12 1.23441e+12 6.10787e+11 5.15422e+11 4.79255e+11 4.72413e+11 2.61811e+11 2.30789e+11 2.07176e+11 1.34674e+11 1.54506e+11 1.19953e+11 1.0102e+11 8.09835e+10 8.72749e+10 7.56056e+10 7.26518e+10 7.20372e+10 8.94941e+10 7.031e+10 6.87703e+10 6.52432e+10 6.16032e+10 6.04936e+10 5.84784e+10 5.1417e+10 4.60391e+10
threshold=76895.604395604416 252285.71428571432 40428.571428571442 120565.93406593408 515000.00000000006 796500.00000000012 56357.142857142862 171978.02197802201 20576.923076923082 55.937786545000009 853000.00000000012 96813.186813186825 223500.00000000003 676433.00000000012 138500.00000000003 230500.00000000003 40500.000000000007 78500.000000000015 31346.153846153855 527000.00000000012 173500.00000000003 107500.00000000001 66554.94505494507 48697.802197802208 215500.00000000003 90500.000000000015 99500.000000000015 306000.00000000006 10005.494505494507 120500.00000000001
decision_type=2 2 2 2 2 8 2 2 2 2 8 2 8 2 8 2 8 10 2 10 10 8 2 2 10 10 8 8 2 10
left_child=2 3 8 11 9 19 23 14 28 12 -7 25 -3 27 16 26 17 -5 -10 -6 -16 -22 -8 -4 -23 -2 -9 -14 -1 -13
right_child=1 4 6 7 5 10 22 15 18 -11 -12 29 13 -15 20 -17 -18 -19 -20 -21 21 24 -24 -25 -26 -27 -28 -29 -30 -31
leaf_value=-2094.8638595491007 973.10893837336971 16173.234230638587 -458.52396712051171 -4511.684495544434 12268.229008789063 40864.088884943187 211.09161521236925 -218.42674618675596 -1167.5892550701287 17013.201534090909 26021.62564453125 1873.4170199005341 7893.4027892230315 1545.4776578776043 3475.2788539616704 7684.3487704190338 2787.3957158877356 2319.6997684733074 -795.44548281248774 20791.834160156253 10171.383675655243 4149.9209124230392 595.75957765131432 -134.35067644175896 9567.0250773111984 1518.3836865278129 5203.5463585675525 12576.794084821429 -1621.1535586318498 2727.0869612802244
leaf_weight=3050 5436 23 14457 32 20 22 12139 21 10004 55 20 3627 73 30 1711 176 1942 45 12017 20 31 302 7808 11956 24 3348 1023 42 9211 765
leaf_count=3050 5436 23 14457 32 20 22 12139 21 10004 55 20 3627 73 30 1711 176 1942 45 12017 20 31 302 7808 11956 24 3348 1023 42 9211 765
internal_value=0 2319.69 -540.441 2112.38 14882.5 25373.7 -22.0243 3728.78 -1241.5 11024.7 33796.2 1461.33 9064.24 7936.61 3209.58 5468.1 2661.29 -519.317 -964.508 16530 3744.87 5036.97 361.665 -311.785 4548.73 1180.94 5094.48 9603.86 -1738.99 2022.11
internal_weight=0 18788 80642 18483 305 82 46360 5307 34282 223 42 13176 168 145 4087 1220 2019 77 22021 40 2068 357 19947 26413 326 8784 1044 115 12261 4392
internal_count=99430 18788 80642 18483 305 82 46360 5307 34282 223 42 13176 168 145 4087 1220 2019 77 22021 40 2068 357 19947 26413 326 8784 1044 115 12261 4392
is_linear=0
shrinkage=0.1


Tree=10
num_leaves=31
num_cat=0
split_feature=39 39 39 39 9 42 39 39 9 39 3 16 40 32 7 39 42 16 39 21 9 39 16 9 42 29 20 15 27 2
split_gain=1.00967e+13 3.96339e+12 2.37506e+12 1.57995e+12 8.49654e+11 4.12044e+11 4.11933e+11 3.92688e+11 3.45319e+11 2.56902e+11 1.89943e+11 1.70678e+11 1.21979e+11 1.18701e+11 1.17341e+11 1.05933e+11 9.51745e+10 9.48738e+10 6.96477e+10 6.82674e+10 6.66559e+10 6.6116e+10 5.66589e+10 5.344e+10 5.13618e+10 4.80497e+10 4.78612e+10 4.32104e+10 8.4106e+10 4.26084e+10
threshold=76895.604395604416 252285.71428571432 40736.263736263747 126521.97802197804 508000.00000000006 205833.33333333334 58016.483516483524 20236.26373626374 178500.00000000003 98329.670329670349 37.547404760000006 223500.00000000003 150483.33333333337 59500.000000000007 28500.000000000004 187060.43956043958 339833.33333333337 137500.00000000003 29582.417582417587 197500.00000000003 112500.00000000001 49181.318681318684 98500.000000000015 88500.000000000015 71833.333333333358 192500.00000000003 10500.000000000002 169500.00000000003 108500.00000000001 696500.00000000012
decision_type=2 2 2 2 8 10 2 2 8 2 2 10 10 8 8 2 10 10 2 10 10 2 8 8 8 10 8 10 8 2
left_child=2 3 7 9 5 -3 21 -1 17 23 14 -7 20 -10 -6 22 -13 19 -9 -5 25 -4 -15 -2 -8 -11 29 -19 -29 -26
right_child=1 4 6 8 10 11 24 18 13 12 -12 16 -14 15 -16 -17 -18 27 -20 -21 -22 -23 -24 -25 26 -27 -28 28 -30 -31
leaf_value=-1578.3504610892987 853.20020833389867 22627.888468070654 -400.66835219622516 2578.5306626940533 19324.654052734375 1797.3147920608521 241.86474086446665 -1093.5618467027123 12624.829052734376 1715.3643716221527 15514.281948390153 7535.1931964253272 -5464.0408735795463 -786.1929337211277 28644.687516741073 5988.9039012908943 12426.840450802367 3233.3527954001875 -733.32630669362447 -666.75499599681189 2391.5190445931767 -91.654631050774569 4256.3023600032784 1337.7873159630428 1600.7064212334337 -1654.2117257051691 546.44691991241439 10751.294052734374 4103.9133753064925 6339.1237159365701
leaf_weight=11834 4903 23 14823 1386 22 32 12384 8601 20 2674 33 86 22 23 35 496 74 1148 14274 68 2324 12993 715 4247 197 43 5515 20 394 21
leaf_count=11834 4903 23 14823 1386 22 32 12384 8601 20 2674 33 86 22 23 35 496 74 1148 14274 68 2324 12993 715 4247 197 43 5515 20 394 21
internal_value=0 2087.72 -486.397 1901.14 13394.2 9979.39 -14.6432 -1110.7 3587.95 1394.38 21552 8464.2 1965.92 4982.59 25047.5 4858.73 9797.58 3008.08 -868.775 2426.76 1998.34 -256.326 4099.15 1078.12 356.426 1662.04 603.892 3549.2 4425.04 2057.16
internal_weight=0 18788 80642 18483 305 215 45933 34709 4270 14213 90 192 5063 1254 57 1234 160 3016 22875 1454 5041 27816 738 9150 18117 2717 5733 1562 414 218
internal_count=99430 18788 80642 18483 305 215 45933 34709 4270 14213 90 192 5063 1254 57 1234 160 3016 22875 1454 5041 27816 738 9150 18117 2717 5733 1562 414 218
is_linear=0
shrinkage=0.1


Tree=11
num_leaves=31
num_cat=0
split_feature=42 15 42 42 19 9 23 9 9 23 15 19 40 9 11 23 9 41 23 15 9 9 9 13 15 9 42 13 22 30
split_gain=7.23037e+12 2.76677e+12 1.82086e+12 1.39131e+12 6.78171e+11 4.21834e+11 3.54348e+11 3.17097e+11 2.72762e+11 2.05512e+11 1.52454e+11 1.37182e+11 1.64556e+11 1.28377e+11 1.28175e+11 1.19511e+11 1.00819e+11 9.44464e+10 9.36965e+10 7.92699e+10 7.64886e+10 7.22948e+10 7.30087e+10 7.06632e+10 6.83807e+10 6.16882e+10 5.70057e+10 5.61557e+10 7.1766e+10 5.77467e+10
threshold=78500.000000000015 381000.00000000006 38833.333333333336 141166.66666666672 796500.00000000012 60500.000000000007 103500.00000000001 209500.00000000003 306000.00000000006 21500.000000000004 233500.00000000003 156500.00000000003 47250.000000000007 164500.00000000003 339000.00000000006 57500.000000000007 156500.00000000003 1.0000000180025095e-35 62500.000000000007 28500.000000000004 82500.000000000015 24500.000000000004 119500.00000000001 166500.00000000003 646000.00000000012 49500.000000000007 105166.66666666667 76500.000000000015 122500.00000000001 240500.00000000003
decision_type=10 10 8 10 8 10 10 10 10 8 8 10 10 10 10 10 10 10 8 10 10 10 10 8 10 8 10 10 8 10
left_child=2 3 9 6 8 15 20 16 -3 17 27 19 -13 18 -12 25 -5 -1 -7 -11 -2 -8 -23 -15 -10 -4 -22 28 -9 -29
right_child=1 4 5 7 -6 13 21 10 24 11 14 12 -14 23 -16 -17 -18 -19 -20 -21 26 22 -24 -25 -26 -27 -28 29 -30 -31
leaf_value=1406.0802496863193 559.0108980330823 1053.8413399832589 -453.93767584465013 2398.3109975862676 26760.053307462997 -6.3316299639415501 5232.5784678284554 -2878.8117590862771 12218.205013790648 -1031.2044292460303 6724.7624686587187 11452.201633300781 -1222.1102097284227 51.667736053466797 13897.503812081475 157.00779143237236 3666.3531266719629 -1392.2023945418578 505.67168104506175 -631.91967256251269 988.75723747955954 1673.0978381365778 2534.8678030383317 4669.62749759282 18683.721400669641 -151.3748039577639 1624.0513583040913 4210.9314222845842 5311.7672611999515 7939.2430783641585
leaf_weight=122 3062 21 15917 1116 38 5159 71 23 74 9860 226 20 21 48 28 6295 1431 10627 11635 10030 5430 2484 1627 107 21 11686 1909 273 20 49
leaf_count=122 3062 21 15917 1116 38 5159 71 23 74 9860 226 20 21 48 28 6295 1431 10627 11635 10030 5430 2484 1627 107 21 11686 1909 273 20 49
internal_value=0 1819.74 -399.608 1703.94 15165.7 -32.5088 1291.41 3604.11 11367.6 -1008.01 5634.18 -817.944 4960.48 374.828 7515.46 -236.177 3110.74 -1360.44 348.388 -829.856 978.844 2068.8 2014.16 3239.55 13647.4 -325.845 1154.01 4325.01 930.76 4778.28
internal_weight=0 17903 81527 17749 154 50847 14583 3166 116 30680 619 19931 41 16949 254 33898 2547 10749 16794 19890 10401 4182 4111 155 95 27603 7339 365 43 322
internal_count=99430 17903 81527 17749 154 50847 14583 3166 116 30680 619 19931 41 16949 254 33898 2547 10749 16794 19890 10401 4182 4111 155 95 27603 7339 365 43 322
is_linear=0
shrinkage=0.1


Tree=12
num_leaves=31
num_cat=0
split_feature=9 1 1 1 1 9 9 41 9 41 1 20 36 13 15 36 15 9 4 24 10 10 41 15 15 4 5 10 9 7
split_gain=5.79249e+12 2.19557e+12 1.45876e+12 1.15371e+12 5.17657e+11 4.17196e+11 3.60827e+11 2.75594e+11 2.64743e+11 2.02936e+11 1.20795e+11 1.1895e+11 1.04731e+11 1.30842e+11 1.03473e+11 9.23024e+10 8.20359e+10 8.05079e+10 7.58553e+10 7.87325e+10 7.54757e+10 7.00044e+10 5.83375e+10 5.34703e+10 5.26847e+10 4.79497e+10 5.82773e+10 4.76573e+10 4.52656e+10 4.31619e+10
threshold=83500.000000000015 327500.00000000006 45500.000000000007 129500.00000000001 460500.00000000006 508000.00000000006 30500.000000000004 59071.42857142858 190500.00000000003 82357.142857142884 78500.000000000015 230500.00000000003 728000.00000000012 853000.00000000012 111500.00000000001 227500.00000000003 206500.00000000003 144500.00000000003 55.734430900000007 200500.00000000003 199500.00000000003 20500.000000000004 1.0000000180025095e-35 39500.000000000007 30500.000000000004 55.618746810000012 10.500000000000002 50500.000000000007 50500.000000000007 -41499.999999999993
decision_type=10 2 2 2 2 10 10 8 10 8 2 10 8 8 10 10 8 10 2 10 10 8 8 8 10 2 2 10 10 10
left_child=2 3 6 9 7 18 11 24 17 27 28 20 -7 -14 -11 -16 -10 -5 19 -3 21 22 25 -8 29 -1 -27 -2 -9 -4
right_child=1 5 4 8 -6 12 23 10 16 14 -12 -13 13 -15 15 -17 -18 -19 -20 -21 -22 -23 -24 -25 -26 26 -28 -29 -30 -31
leaf_value=2616.2329198663883 -101.8931702218827 675.17348388671871 -1703.2241330947979 2082.690710401097 15783.84482247489 12479.080834960938 -645.1434847624497 -219.98543438027369 3519.7305149220902 1118.0256106908532 723.19700885414329 6664.0806811523435 25038.701185344831 15365.117740885416 1806.3008981947658 8463.5274672735304 5390.0098616418763 3085.0965262064383 10930.771200448497 8890.0982022966655 5088.6995117187507 -862.84150114314298 -1258.7158344201971 -324.01071085719519 -153.88258328703353 -3953.2668222280649 446.48796128937693 697.79626656731898 252.49392550298882 -470.32604545378064
leaf_weight=66 1212 20 369 1633 21 24 9089 2384 455 7073 5559 20 29 27 2528 21 484 1573 54 28 20 9917 11202 12071 16646 39 132 1935 13567 1232
leaf_count=66 1212 20 369 1633 21 24 9089 2384 455 7073 5559 20 29 27 2528 21 484 1573 54 28 20 9917 11202 12071 16646 39 132 1935 13567 1232
internal_value=0 1675.01 -347.802 1557.45 87.5708 12599.8 -754.754 79.2799 3007.03 1086.9 321.776 -1044.33 18006 20374.7 1314.89 1861.15 4483.75 2574.51 8359.68 5467.21 -1051.54 -1057.29 -1225.87 -461.949 -206.58 326.71 -556.965 389.813 181.878 -754.486
internal_weight=0 17096 82334 16914 39778 182 42556 39757 4145 12769 21510 21396 80 56 9622 2549 939 3206 102 48 21376 21356 11439 21160 18247 237 171 3147 15951 1601
internal_count=99430 17096 82334 16914 39778 182 42556 39757 4145 12769 21510 21396 80 56 9622 2549 939 3206 102 48 21376 21356 11439 21160 18247 237 171 3147 15951 1601
is_linear=0
shrinkage=0.1


Tree=13
num_leaves=31
num_cat=0
split_feature=39 39 39 39 9 9 39 42 0 39 23 0 26 16 16 17 33 9 11 16 9 9 25 23 40 9 13 6 17 39
split_gain=5.59417e+12 2.23241e+12 1.23617e+12 9.75871e+11 4.71878e+11 3.53193e+11 2.63239e+11 2.31478e+11 1.89853e+11 1.47712e+11 1.21164e+11 1.02133e+11 1.0106e+11 8.63368e+10 8.12933e+10 8.62772e+10 1.29607e+11 6.54032e+10 5.82785e+10 5.4412e+10 5.19562e+10 4.4355e+10 4.22528e+10 4.66306e+10 4.4524e+10 4.16342e+10 3.97841e+10 5.61507e+10 3.94052e+10 3.83606e+10
threshold=73714.285714285725 252285.71428571432 36390.109890109896 120565.93406593408 508000.00000000006 155500.00000000003 53780.219780219784 159833.33333333334 676433.00000000012 19703.29670329671 99500.000000000015 605366.50000000012 856500.00000000012 182500.00000000003 41500.000000000007 55500.000000000007 121500.00000000001 230500.00000000003 96500.000000000015 75500.000000000015 306000.00000000006 210500.00000000003 205500.00000000003 173500.00000000003 115150.00000000001 66500.000000000015 1.0000000180025095e-35 4.5000000000000009 111500.00000000001 45978.021978021985
decision_type=2 2 2 2 8 10 2 8 2 2 10 2 8 8 8 8 8 10 10 8 10 10 10 10 8 10 10 2 8 2
left_child=2 3 9 10 5 -3 29 14 20 -1 19 12 -6 -9 18 16 -16 28 -5 -2 -7 26 23 24 -17 -8 27 -12 -15 -4
right_child=1 4 6 7 11 8 25 13 -10 -11 21 -13 -14 17 15 22 -18 -19 -20 -21 -22 -23 -24 -25 -26 -27 -28 -29 -30 -31
leaf_value=-1192.0297294114239 359.1263832769755 20066.680996093753 -396.05312188991991 -3870.4535916715054 13660.956343650818 5326.0324302359804 63.612223799860232 2560.828193791247 -1842.2811532827525 -725.95262592204244 1908.6495396034393 11607.871232836174 22189.279796993374 -725.31026727585572 9851.065415736608 4288.7312456179889 2526.6538965469754 5554.8355729001432 901.59738100350626 881.5038803570859 8865.7197213808704 5011.4290848675901 -395.46494439530051 3510.5358863640781 1865.3073882177086 346.41754292678132 1320.2152249421658 6654.2073094223488 3652.9286525469784 -161.75625678955907
leaf_weight=11407 2587 20 15555 37 24 73 13966 828 26 16836 102 33 33 21 35 78 78 197 83 8699 96 34 73 201 2702 8299 3612 33 974 12688
leaf_count=11407 2587 20 15555 37 24 73 13966 828 26 16836 102 33 33 21 35 78 78 197 83 8699 96 34 73 201 2702 8299 3612 33 974 12688
internal_value=0 1463.77 -384.367 1336.64 9955.78 7410.9 -88.0978 2502.77 6112.87 -914.195 925.9 16035.2 18598.4 3345.24 1985.04 2081.84 4795.28 3890.12 -569.785 761.763 7336.74 1415.84 1981.44 2039.65 1933.3 169.024 1383.21 3068.67 3560.52 -290.797
internal_weight=0 20679 78751 20374 305 215 50508 5307 195 28243 15067 90 57 2020 3287 3167 113 1192 120 11286 169 3781 3054 2981 2780 22265 3747 135 995 28243
internal_count=99430 20679 78751 20374 305 215 50508 5307 195 28243 15067 90 57 2020 3287 3167 113 1192 120 11286 169 3781 3054 2981 2780 22265 3747 135 995 28243
is_linear=0
shrinkage=0.1


Tree=14
num_leaves=31
num_cat=0
split_feature=39 39 39 1 39 19 39 39 23 16 16 16 31 39 40 39 23 21 23 21 1 23 31 40 23 40 31 23 38 37
split_gain=4.54774e+12 1.62432e+12 1.39268e+12 5.20653e+11 5.06508e+11 4.99363e+11 2.62005e+11 2.50112e+11 1.35279e+11 1.22602e+11 1.21927e+11 1.09243e+11 9.63937e+10 8.49853e+10 7.27768e+10 6.3271e+10 5.86512e+10 5.64626e+10 5.61338e+10 5.45132e+10 4.74244e+10 4.55969e+10 4.357e+10 4.00487e+10 3.6686e+10 3.63948e+10 3.57871e+10 3.47333e+10 4.25173e+10 4.22441e+10
threshold=89252.747252747271 252285.71428571432 45186.813186813197 515000.00000000006 145791.20879120883 990500.00000000012 28780.219780219784 61923.076923076929 641500.00000000012 344500.00000000006 44500.000000000007 109500.00000000001 21500.000000000004 200807.69230769234 129616.66666666667 11302.197802197805 73500.000000000015 1.0000000180025095e-35 172500.00000000003 594000.00000000012 128500.00000000001 511000.00000000006 113500.00000000001 28116.666666666668 33500.000000000007 7550.0000000000009 483500.00000000006 120500.00000000001 205500.00000000003 65500.000000000007
decision_type=2 2 2 2 2 8 2 2 10 10 8 8 8 2 8 2 10 8 10 8 2 10 10 8 8 8 8 10 10 8
left_child=2 4 6 9 11 8 15 23 -5 19 22 27 -12 14 -14 -1 -9 -16 -19 26 -13 -11 -6 -4 25 -8 -3 -2 29 -29
right_child=1 3 7 5 10 -7 24 16 -10 21 12 20 13 -15 17 -17 -18 18 -20 -21 -22 -23 -24 -25 -26 -27 -28 28 -30 -31
leaf_value=-1281.2511089435939 813.53785306776138 4592.7165082789179 2506.5086296590671 6606.6664947509771 -4597.9555401837388 28661.100372869318 3585.7899804687131 277.55777992308157 16124.47378567287 8064.2021030426031 9284.8166473388683 1355.4192503342692 6713.3226828835222 4515.1492147858617 -1939.9835449218751 -846.77099317854527 647.26201009040926 2276.6405614559553 3390.1838274931015 1490.7259741210937 1975.0484491085213 13341.549112215909 896.75547741305445 -80.119446336893063 -375.47861762375243 -687.90563630004033 8748.4854418945306 5550.3149405643862 -2463.7952687581383 1625.5917185588876
leaf_weight=4331 4166 67 60 32 27 22 20 12242 28 64 24 3576 44 291 27 14823 6607 1302 694 40 1887 22 31 25255 17734 5426 30 29 24 505
leaf_count=4331 4166 67 60 32 27 22 20 12242 28 64 24 3576 44 291 27 14823 6607 1302 694 40 1887 22 31 25255 17734 5426 30 29 24 505
internal_value=0 1749.08 -261.498 8960.2 1574.9 15773.7 -671.337 131.358 11048.3 6454.79 2869.01 1264.93 2979.31 2915.14 2689.88 -945.013 407.147 2602.37 2663.81 4597.05 1569.45 9414.22 -1661.13 -73.9888 -445.194 -672.211 5878.01 912.775 1653.68 1838.73
internal_weight=0 12932 86498 305 12627 82 42334 44164 60 223 2440 10187 2382 2358 2067 19154 18849 2023 1996 137 5463 86 58 25315 23180 5446 97 4724 558 534
internal_count=99430 12932 86498 305 12627 82 42334 44164 60 223 2440 10187 2382 2358 2067 19154 18849 2023 1996 137 5463 86 58 25315 23180 5446 97 4724 558 534
is_linear=0
shrinkage=0.1


Tree=15
num_leaves=31
num_cat=0
split_feature=39 39 39 39 9 9 39 39 0 23 39 16 9 40 31 36 40 23 16 0 16 10 13 9 7 16 23 17 23 40
split_gain=3.69976e+12 1.46267e+12 8.14598e+11 6.45968e+11 3.23229e+11 3.79433e+11 1.75982e+11 1.5224e+11 1.33929e+11 1.05284e+11 1.0225e+11 7.75141e+10 7.14512e+10 6.59116e+10 6.55241e+10 5.77195e+10 5.72803e+10 5.48065e+10 4.992e+10 4.84117e+10 4.2893e+10 4.19182e+10 4.112e+10 4.17494e+10 4.17638e+10 3.88475e+10 3.84836e+10 4.74035e+10 3.73288e+10 3.96688e+10
threshold=73714.285714285725 252285.71428571432 36390.109890109896 133060.43956043958 29500.000000000004 508000.00000000006 52807.692307692312 98329.670329670349 676433.00000000012 173500.00000000003 16554.945054945059 774000.00000000012 49500.000000000007 150483.33333333337 990500.00000000012 265500.00000000006 129616.66666666667 77500.000000000015 125500.00000000001 677542.00000000012 245500.00000000003 191500.00000000003 260500.00000000003 202500.00000000003 190500.00000000003 344500.00000000006 88500.000000000015 130500.00000000001 80500.000000000015 93283.333333333358
decision_type=2 2 2 2 10 10 2 2 2 10 2 10 8 10 8 10 8 10 8 2 10 8 10 10 8 8 10 10 8 8
left_child=2 3 10 7 -3 8 -4 26 25 12 -1 14 17 18 -7 20 -14 -5 28 -15 -11 -18 23 -20 -25 -6 27 -2 -9 -30
right_child=1 4 6 9 5 11 -8 13 -10 15 -12 -13 16 19 -16 -17 21 -19 22 -21 -22 -23 -24 24 -26 -27 -28 -29 29 -31
leaf_value=-1014.8483358658377 535.67347856977619 20353.066796875002 -248.64421538835654 -2961.3120655517578 4398.5064398552395 7417.6061687215179 125.25553536254861 -51.770299457750824 -1336.976430867513 2896.1597070179118 -609.66102314820046 16887.598873697916 4540.7744932755186 -5854.4903941761368 14349.486871093752 7473.4127126386084 1774.7924918924139 2629.7543556495948 1519.3439927924946 279.18753110824093 5435.0355228000226 2861.1410312163966 6049.1806210472469 5864.591732313369 1329.3583263500318 7421.8453894761033 898.18845718452815 -967.09743793452242 4888.3221008300779 1108.6594840571063
leaf_weight=9272 7440 20 26657 50 85 30 23851 285 30 878 18971 30 92 22 25 31 1760 27 2159 31 72 445 21 45 37 85 3385 216 28 3350
leaf_count=9272 7440 20 26657 50 85 30 23851 285 30 878 18971 30 92 22 25 31 1760 27 2159 31 72 445 21 45 37 85 3385 216 28 3350
internal_value=0 1190.4 -312.583 1087.49 8064.18 7201.8 -72.0804 837.491 4823.1 2355.7 -742.681 12798.7 1995.59 1243.96 10568.5 3227.14 2096.04 -1000.81 1275.36 -2266.87 3088.58 1994.03 1644.73 1603.46 3818.21 5910.18 617.416 493.276 1047.26 1139.99
internal_weight=0 20679 78751 20374 305 285 50508 17019 200 3355 28243 85 2374 5978 55 981 2297 77 5925 53 950 2205 2262 2241 82 170 11041 7656 3663 3378
internal_count=99430 20679 78751 20374 305 285 50508 17019 200 3355 28243 85 2374 5978 55 981 2297 77 5925 53 950 2205 2262 2241 82 170 11041 7656 3663 3378
is_linear=0
shrinkage=0.1


Tree=16
num_leaves=31
num_cat=0
split_feature=39 1 39 6 39 18 39 39 16 11 23 16 8 40 9 34 39 25 39 23 6 16 23 40 14 1 42 9 13 18
split_gain=2.99731e+12 1.0653e+12 9.74109e+11 4.6153e+11 4.14422e+11 3.05605e+11 1.88701e+11 1.77564e+11 1.71235e+11 1.51775e+11 7.37627e+10 6.11119e+10 5.87223e+10 5.32276e+10 5.34223e+10 4.4035e+10 4.33398e+10 4.21584e+10 4.1115e+10 3.817e+10 3.81593e+10 3.78408e+10 3.76818e+10 5.21993e+10 3.71016e+10 3.66013e+10 4.18271e+10 4.22724e+10 3.9683e+10 9.85702e+10
threshold=91686.81318681319 448500.00000000006 45978.021978021985 1.0000000180025095e-35 149879.12087912092 655500.00000000012 26681.318681318684 66554.94505494507 247500.00000000003 846500.00000000012 120500.00000000001 83500.000000000015 94500.000000000015 157100.00000000003 205500.00000000003 173500.00000000003 126521.97802197804 108500.00000000001 9456.0439560439572 32500.000000000004 3.5000000000000004 78500.000000000015 172500.00000000003 132150.00000000003 69500.000000000015 122500.00000000001 159833.33333333334 178500.00000000003 26500.000000000004 94500.000000000015
decision_type=2 2 2 2 2 8 2 2 10 8 10 8 10 10 10 8 2 8 2 8 2 10 8 8 10 2 8 10 8 8
left_child=2 4 6 -3 10 -5 18 20 22 -7 11 12 -2 14 -12 -10 -15 -16 -1 24 -4 -9 23 -6 -8 28 -27 -28 29 -13
right_child=1 3 7 5 8 9 19 21 15 -11 13 25 -14 16 17 -17 -18 -19 -20 -21 -22 -23 -24 -25 -26 26 27 -29 -30 -31
leaf_value=-1164.3446544097483 350.96222006145985 -1742.6302047164352 -114.05643952153605 8030.3344553145162 5864.8552372373388 23390.977748325895 -534.51329019083153 282.58842494538737 9417.0610118036693 12780.578920100286 1552.9040657904379 9152.6601801300039 -2788.5675798152042 -5179.6647265624997 8313.5743957519535 4785.5235867645106 498.41449331888339 2713.4186906395889 -732.85767531978058 -308.07083169722171 116.74581358884953 609.03830857124922 2612.551663390972 1530.8580814579227 -1673.9959434369405 1211.7280190801657 2059.820737376966 5584.3268304443363 843.82779255273272 1216.9563516139985
leaf_weight=2623 714 27 16184 63 29 28 6013 8817 23 26 2406 20 65 20 20 191 41 41 13969 20893 12852 5945 1399 666 300 1277 228 40 4438 72
leaf_count=2623 714 27 16184 63 29 28 6013 8817 23 26 2406 20 65 20 20 191 41 41 13969 20893 12852 5945 1399 666 300 1277 228 40 4438 72
internal_value=0 1493.77 -201.805 10042.4 1388.47 12762 -535.278 131.669 2588.92 18282.3 1093.15 922.863 88.9989 1554.85 1627 5283.31 -1363.25 4549.54 -801.071 -373.181 -11.8981 414.057 2313.56 1711.7 -588.663 1029.79 1450.09 2585.87 886.442 2942.11
internal_weight=0 11834 87596 144 11690 117 43798 43798 2308 54 9382 6854 779 2528 2467 214 61 61 16592 27206 29036 14762 2094 695 6313 6075 1545 268 4530 92
internal_count=99430 11834 87596 144 11690 117 43798 43798 2308 54 9382 6854 779 2528 2467 214 61 61 16592 27206 29036 14762 2094 695 6313 6075 1545 268 4530 92
is_linear=0
shrinkage=0.1


Tree=17
num_leaves=31
num_cat=0
split_feature=39 39 39 39 1 19 1 39 39 16 16 8 15 2 32 16 30 42 15 42 21 40 20 10 15 36 6 1 40 7
split_gain=2.43894e+12 9.70747e+11 5.44322e+11 4.2854e+11 3.10152e+11 3.63357e+11 1.19788e+11 1.02817e+11 8.67504e+10 8.43423e+10 8.19812e+10 6.95676e+10 6.30323e+10 1.19727e+11 5.96843e+10 5.42512e+10 4.59432e+10 4.49276e+10 4.55868e+10 3.93256e+10 3.89982e+10 3.79524e+10 3.77608e+10 4.06601e+10 3.99703e+10 4.3891e+10 3.25097e+10 3.10395e+10 2.91167e+10 2.82943e+10
threshold=73714.285714285725 252285.71428571432 38445.054945054952 120565.93406593408 515000.00000000006 990500.00000000012 164500.00000000003 54247.252747252758 20236.26373626374 116500.00000000001 344500.00000000006 -29499.999999999996 289500.00000000006 813500.00000000012 1.0000000180025095e-35 99500.000000000015 78500.000000000015 24166.666666666668 263500.00000000006 220833.33333333334 192500.00000000003 117550.00000000001 255500.00000000003 255500.00000000003 85500.000000000015 131500.00000000003 2.5000000000000004 159500.00000000003 47683.333333333336 -11499.999999999998
decision_type=2 2 2 2 2 8 2 2 2 8 10 10 8 2 8 10 8 8 10 8 10 8 10 10 8 10 2 2 10 10
left_child=2 3 8 15 10 11 17 -4 -1 16 12 -6 -3 -14 -11 20 -8 -5 21 -16 -2 -19 23 24 25 -23 -9 -28 -10 -12
right_child=1 4 7 6 5 -7 9 26 28 14 29 -13 13 -15 19 -17 -18 18 -20 -21 -22 22 -24 -25 -26 -27 27 -29 -30 -31
leaf_value=-788.29811648921191 504.37471210549575 5121.9210074646835 -171.64003095917718 -3189.065829190341 11964.627046712239 22818.312435635657 -3914.8199057442798 -23.157942159736535 -440.64989698169222 7919.5274023437496 4809.4776683134196 5014.0280531141498 -4240.5069571035883 4517.4582298485011 2199.6847804100512 908.61825480884841 832.18243229166683 3230.8885542984008 5292.4683777381642 3471.9504055993038 -1990.9772105867903 -1001.0096718646112 -1530.7043943405151 3873.8518991088868 1330.3305261429136 3001.7325927734378 237.0682443964665 -2788.5216746610754 -3015.9353249289775 8519.340117938702
leaf_weight=11834 10660 73 25864 22 24 22 28 8675 19842 20 34 36 27 37 1377 4344 75 100 29 295 63 141 48 60 3078 34 12458 34 44 52
leaf_count=11834 10660 73 25864 22 24 22 28 8675 19842 20 34 36 27 37 1377 4344 75 100 29 295 63 141 48 60 3078 34 12458 34 44 52
internal_value=0 966.507 -253.792 882.677 6566.36 11825.1 1655.44 -37.8815 -573.922 2319.99 4632.65 7794.27 3113.52 822.692 2489.11 610.489 -458.265 1315.79 1344.18 2424.16 489.714 1311.1 1253.98 1294.33 1246.75 -223.334 125.558 228.833 -446.348 7052.65
internal_weight=0 20679 78751 20374 305 82 5307 47031 31720 1795 223 60 137 64 1692 15067 103 3512 3490 1672 10723 3461 3361 3313 3253 175 21167 12492 19886 86
internal_count=99430 20679 78751 20374 305 82 5307 47031 31720 1795 223 60 137 64 1692 15067 103 3512 3490 1672 10723 3461 3361 3313 3253 175 21167 12492 19886 86
is_linear=0
shrinkage=0.1


Tree=18
num_leaves=31
num_cat=0
split_feature=39 1 39 6 39 3 5 39 9 16 30 9 1 23 6 23 7 38 12 23 32 16 40 41 34 30 12 12 39 11
split_gain=1.98765e+12 6.98685e+11 6.46047e+11 3.53806e+11 2.76123e+11 2.03086e+11 2.80194e+11 1.33608e+11 1.22442e+11 1.00766e+11 7.26404e+10 6.71671e+10 4.44074e+10 4.42802e+10 4.26431e+10 4.14823e+10 4.88532e+10 4.57243e+10 1.23926e+11 4.01744e+10 3.57799e+10 3.56965e+10 3.26689e+10 3.19144e+10 3.0261e+10 2.82201e+10 2.80055e+10 3.18683e+10 2.76369e+10 2.73842e+10
threshold=91686.81318681319 448500.00000000006 44862.637362637368 1.0000000180025095e-35 158895.60439560443 37.594393370000006 8.5000000000000018 61923.076923076929 21500.000000000004 247500.00000000003 796500.00000000012 116500.00000000001 181500.00000000003 84500.000000000015 1.5000000000000002 39500.000000000007 34500.000000000007 41500.000000000007 104500.00000000001 102500.00000000001 142500.00000000003 52500.000000000007 28116.666666666668 1.0000000180025095e-35 57500.000000000007 170500.00000000003 153500.00000000003 82500.000000000015 8675.8241758241784 130500.00000000001
decision_type=2 2 2 2 2 2 2 2 10 10 8 8 2 8 2 8 10 8 10 10 8 8 8 8 8 8 10 10 2 10
left_child=2 4 8 -3 11 6 -5 22 28 13 -8 14 -11 -6 21 16 -13 18 -17 23 -15 -2 -4 -9 26 -22 27 -16 -1 -21
right_child=1 3 7 5 9 -7 10 19 -10 12 -12 15 -14 20 24 17 -18 -19 -20 29 25 -23 -24 -25 -26 -27 -28 -29 -30 -31
leaf_value=-1008.2558119103505 -1928.2391123744419 -2178.866189236111 2275.5191056315102 23218.952290482957 -2642.8373652648929 5250.7470421006947 5197.3140238444012 2886.3984097688099 -320.42502567039537 8783.0328915550599 12919.947986260777 692.91626871744802 3917.9012374704539 4124.3785866341941 5077.6975927734384 9645.732806650798 -3924.1991793545808 1222.1680613017822 1033.6681483043324 768.84848281522773 1000.4123231039243 377.45616968730474 -60.585234809555089 249.19812530410042 841.09979761111299 2182.0983693223689 6016.7227136230467 296.26736242874807 -621.91777959304864 2970.3553672281905
leaf_weight=2161 70 27 60 22 20 45 21 46 26507 21 29 75 176 82 20 24 33 4296 55 969 245 1647 25987 18872 3706 1154 20 46 12934 60
leaf_count=2161 70 27 60 22 20 45 21 46 26507 21 29 75 176 82 20 24 33 4296 55 969 245 1647 25987 18872 3706 1154 20 46 12934 60
internal_value=0 1216.43 -164.337 8139.54 1131.15 10520.7 13814.4 93.9466 -449.888 2310.12 9676.44 930.803 4436.52 2031.04 696.919 1218.21 -717.869 1266.01 3649.99 288.709 2094.15 283.456 -55.204 255.611 884.133 1975.16 2738.57 1745.19 -677.226 897.216
internal_weight=0 11834 87596 144 11690 117 72 45994 41602 1698 50 9992 197 1501 5509 4483 108 4375 79 19947 1481 1717 26047 18918 3792 1399 86 66 15095 1029
internal_count=99430 11834 87596 144 11690 117 72 45994 41602 1698 50 9992 197 1501 5509 4483 108 4375 79 19947 1481 1717 26047 18918 3792 1399 86 66 15095 1029
is_linear=0
shrinkage=0.1


Tree=19
num_leaves=31
num_cat=0
split_feature=42 14 16 16 9 8 42 23 23 37 23 16 5 9 9 14 23 14 9 8 38 9 41 16 42 21 40 30 28 36
split_gain=1.418e+12 5.53258e+11 3.46981e+11 3.33259e+11 3.26421e+11 1.35259e+11 1.23127e+11 8.49721e+10 8.18101e+10 7.56862e+10 6.92712e+10 6.64965e+10 5.19566e+10 5.18525e+10 5.11979e+10 5.06268e+10 4.5374e+10 4.42103e+10 4.3962e+10 5.10526e+10 4.5848e+10 4.04109e+10 3.96684e+10 3.86029e+10 4.22775e+10 3.73573e+10 3.35189e+10 3.03245e+10 2.92628e+10 2.78592e+10
threshold=71833.333333333358 283500.00000000006 774000.00000000012 130500.00000000001 41500.000000000007 -52499.999999999993 339833.33333333337 15500.000000000002 181500.00000000003 330500.00000000006 101500.00000000001 58500.000000000007 23.500000000000004 259500.00000000003 7500.0000000000009 116500.00000000001 51500.000000000007 386500.00000000006 105500.00000000001 248500.00000000003 40500.000000000007 144500.00000000003 1.0000000180025095e-35 78500.000000000015 168500.00000000003 77500.000000000015 126983.33333333336 480500.00000000006 93500.000000000015 135500.00000000003
decision_type=10 10 8 10 8 10 10 8 10 10 10 8 2 10 10 10 10 10 10 10 8 10 10 8 10 10 10 10 10 10
left_child=4 3 9 10 7 -4 8 15 18 13 23 -6 27 17 25 22 -9 -3 19 20 -5 -13 -1 26 -25 -12 -2 -11 -24 -18
right_child=1 2 5 6 11 -7 -8 16 -10 12 14 21 -14 -15 -16 -17 29 -19 -20 -21 -22 -23 28 24 -26 -27 -28 -29 -30 -31
leaf_value=1135.1957323090371 162.01442527917322 2129.4509662104588 19314.119918212891 4617.3779428335338 -128.40392617165762 8463.9911159939238 9311.2223887634282 -377.80896836281318 2300.4385486541396 5934.2321451822918 7145.4325520833336 112.74159116673907 2371.327861328125 4206.8551971435545 792.70478029899402 -3159.4876156726514 93.77173900771858 -3151.7020911175273 1364.1093819588341 -4503.21142578125 292.44172845154168 1570.7684963742893 -682.48472516599224 460.10344925591244 2085.7252306745099 1889.953042763158 -3508.670256347656 11375.051162109376 -2395.4853826239555 -2472.0823032113012
leaf_weight=119 5051 51 20 26 21480 27 20 25648 870 21 21 19147 20 76 3924 83 2660 23 2577 21 428 192 7895 8640 163 38 25 20 101 43
leaf_count=119 5051 51 20 26 21480 27 20 25648 870 21 21 19147 20 76 3924 83 2660 23 2577 21 428 192 7895 8640 163 38 25 20 101 43
internal_value=0 707.193 5310.82 652.72 -201.661 13081.1 1484.92 -418.732 1445.01 3580 469.059 -7.29723 6549.94 2372.23 836.667 -702.282 -336.74 488.012 1201.17 317.157 540.125 127.217 -677.15 363.563 490.204 3760.55 143.936 8588.29 -704.122 52.9535
internal_weight=0 22062 258 21804 77368 47 3942 36549 3922 211 17862 40819 61 150 3983 8198 28351 74 3052 475 454 19339 8115 13879 8803 59 5076 41 7996 2703
internal_count=99430 22062 258 21804 77368 47 3942 36549 3922 211 17862 40819 61 150 3983 8198 28351 74 3052 475 454 19339 8115 13879 8803 59 5076 41 7996 2703
is_linear=0
shrinkage=0.1


Tree=20
num_leaves=31
num_cat=0
split_feature=39 39 39 11 42 16 7 23 36 15 17 20 11 4 15 23 26 8 26 28 33 39 19 42 30 20 16 36 4 13
split_gain=1.34448e+12 5.18345e+11 3.33627e+11 2.17177e+11 1.69725e+11 1.52354e+11 1.17228e+11 9.00313e+10 7.64287e+10 6.98676e+10 1.13633e+11 1.46172e+11 6.11943e+10 5.57195e+10 4.61748e+10 4.23164e+10 5.18184e+10 4.17934e+10 4.14486e+10 3.6021e+10 3.58809e+10 4.40947e+10 3.52886e+10 5.50115e+10 3.49635e+10 3.39734e+10 3.38392e+10 3.27302e+10 3.2376e+10 7.39321e+10
threshold=76895.604395604416 200807.69230769234 35324.175824175829 484500.00000000006 107500.00000000001 774000.00000000012 -136499.99999999997 55500.000000000007 400000.00000000006 163500.00000000003 84500.000000000015 101500.00000000001 30500.000000000004 55.937786545000009 19500.000000000004 70500.000000000015 189500.00000000003 -153499.99999999997 159500.00000000003 164500.00000000003 61500.000000000007 111313.18681318683 156500.00000000003 81166.666666666672 114500.00000000001 5500.0000000000009 138500.00000000003 867500.00000000012 55.543903175000004 379000.00000000006
decision_type=2 2 2 10 8 8 8 10 10 10 8 8 8 2 10 8 10 8 10 10 8 2 10 10 8 8 8 8 2 8
left_child=2 4 14 6 15 8 -3 18 -5 17 11 -11 -8 28 -1 16 -2 -6 19 25 21 -17 -9 -24 -12 -4 -19 -15 29 -14
right_child=1 3 7 5 9 -7 12 22 -10 10 24 -13 13 27 -16 20 -18 26 -20 -21 -22 -23 23 -25 -26 -27 -28 -29 -30 -31
leaf_value=-589.96337750344151 -45.071390799434845 -4328.0361949573862 442.30936859939624 973.3829554966519 -277.60359365661009 12811.31475360577 8287.8434459339496 144.44590297207017 8298.0478936557101 12816.59998779297 -464.16254443908002 2671.803741081394 2445.1318760156632 3499.0234561011912 -327.99991576073802 1080.1843874863587 -4185.6307621125261 706.29898452182078 -2891.6140046296296 -3118.2666903686527 431.53991721928708 4844.9948396570544 525.72569515147109 6682.0647664388016 1587.3337094293192 -132.5726783897037 1176.1773867646546 9018.3716796874996 2977.1615258486559 -4520.3514648437504
leaf_weight=14048 1209 22 1059 28 299 39 22 17372 29 20 89 49 64 21 12914 366 31 3175 54 40 8695 34 47 21 1248 35087 2963 22 343 20
leaf_count=14048 1209 22 1059 28 299 39 22 17372 29 20 89 49 64 21 12914 366 31 3175 54 40 8695 34 47 21 1248 35087 2963 22 343 20
internal_value=0 761.832 -177.492 3629.16 665.613 7995.2 2813.71 -33.3402 4699.97 1016.38 1655 5612.32 3133.06 2891.77 -464.491 399.426 -148.585 876.885 -123.18 -119.049 474.141 1400.19 153.346 2426.95 1450.77 -115.73 933.124 6322.88 2546.25 786.683
internal_weight=0 18788 80642 610 18178 96 514 53680 57 7843 1406 69 492 470 26962 10335 1240 6437 36240 36186 9095 400 17440 68 1337 36146 6138 43 427 84
internal_count=99430 18788 80642 610 18178 96 514 53680 57 7843 1406 69 492 470 26962 10335 1240 6437 36240 36186 9095 400 17440 68 1337 36146 6138 43 427 84
is_linear=0
shrinkage=0.1


Tree=21
num_leaves=31
num_cat=0
split_feature=42 15 15 16 5 16 34 16 23 23 6 16 8 8 8 17 40 20 2 23 41 17 12 15 42 38 15 21 20 17
split_gain=9.42788e+11 4.44272e+11 2.43115e+11 2.39568e+11 2.08907e+11 8.59084e+10 9.40383e+10 6.6509e+10 5.59216e+10 5.28786e+10 5.0893e+10 4.98895e+10 7.30787e+10 5.65655e+10 4.84468e+10 4.63125e+10 4.29614e+10 3.99643e+10 3.62426e+10 3.50091e+10 3.4008e+10 3.2108e+10 6.73512e+10 3.07784e+10 3.41506e+10 2.81206e+10 2.7407e+10 1.01291e+11 2.65673e+10 5.78398e+10
threshold=71833.333333333358 381000.00000000006 38500.000000000007 137500.00000000003 9.5000000000000018 247500.00000000003 21500.000000000004 64500.000000000007 101500.00000000001 10500.000000000002 3.5000000000000004 774000.00000000012 186500.00000000003 38500.000000000007 -169499.99999999997 405000.00000000006 67850.000000000015 189500.00000000003 171500.00000000003 181500.00000000003 1.0000000180025095e-35 111500.00000000001 148500.00000000003 28500.000000000004 164166.66666666672 132500.00000000003 172500.00000000003 83500.000000000015 87500.000000000015 123500.00000000001
decision_type=10 10 8 10 2 10 8 10 10 8 2 10 10 10 10 10 10 10 2 10 10 10 10 8 10 10 10 10 10 10
left_child=2 3 9 8 -3 14 -7 10 17 16 -4 12 13 15 18 -6 20 23 -5 -16 -1 -8 -23 25 -25 -2 -10 -28 29 -22
right_child=1 4 7 5 11 6 21 -9 26 -11 -12 -13 -14 -15 19 -17 -18 -19 -20 -21 28 22 -24 24 -26 -27 27 -29 -30 -31
leaf_value=1043.3507604138604 -269.58386755110718 13405.416009114584 -180.30066890924016 2709.1740300958809 -720.78242853338077 9438.6560012090777 740.76629842122395 228.96448401750283 648.3675421160101 -330.44288066067014 46.011533911617732 8108.606562500001 -2292.4786584472654 9071.4475048828135 1040.4107712172577 5044.5126207853618 -3459.3469182794747 -1735.4491245269776 -1833.919857893319 1828.8132246056173 -681.11668448183218 8675.2912402343754 2506.9016628017675 322.71372301758248 1626.538675816854 -3998.0044677734377 6413.8055739182701 823.84821890393891 -2293.9066614132116 3876.4517778669087
leaf_weight=116 551 30 22766 22 22 21 75 8320 4137 23292 17633 25 20 20 2368 38 55 96 87 739 5057 20 154 13181 204 21 39 192 101 28
leaf_count=116 551 30 22766 22 22 21 75 8320 4137 23292 17633 25 20 20 2368 38 55 96 87 739 5057 20 154 13181 204 21 39 192 101 28
internal_value=0 576.642 -164.433 538.896 5911.56 1299.07 3012.36 -28.4985 395.039 -395.597 -81.5219 4113.03 3114.14 4465.79 1155.24 2930.57 -678.885 297.901 -916.965 1227.93 -650.042 2470.39 3215.91 311.887 342.585 -406.466 707.558 1767.61 -687.92 -656.021
internal_weight=0 22062 77368 21907 155 3486 270 48719 18421 28649 40399 125 100 80 3216 60 5357 14053 109 3107 5302 249 174 13957 13385 572 4368 231 5186 5085
internal_count=99430 22062 77368 21907 155 3486 270 48719 18421 28649 40399 125 100 80 3216 60 5357 14053 109 3107 5302 249 174 13957 13385 572 4368 231 5186 5085
is_linear=0
shrinkage=0.1


Tree=22
num_leaves=31
num_cat=0
split_feature=39 1 39 8 6 23 9 1 23 9 6 28 16 14 18 6 16 13 23 29 9 28 29 9 7 16 8 23 9 38
split_gain=9.1571e+11 3.2471e+11 3.11998e+11 2.95382e+11 1.52097e+11 1.32281e+11 8.02538e+10 7.60032e+10 6.13247e+10 5.59032e+10 4.45434e+10 4.43958e+10 4.07921e+10 5.17681e+10 4.02739e+10 3.22426e+10 3.21733e+10 3.09684e+10 3.00396e+10 2.81814e+10 2.76575e+10 2.97166e+10 2.74151e+10 4.25706e+10 2.7275e+10 2.68214e+10 3.20265e+10 2.65655e+10 3.62048e+10 3.10085e+10
threshold=91686.81318681319 448500.00000000006 47098.901098901108 -422499.99999999994 1.0000000180025095e-35 217500.00000000003 23500.000000000004 160500.00000000003 734500.00000000012 66500.000000000015 2.5000000000000004 435500.00000000006 188500.00000000003 82500.000000000015 133500.00000000003 2.5000000000000004 250500.00000000003 260500.00000000003 76500.000000000015 344500.00000000006 143500.00000000003 149500.00000000003 111500.00000000001 69500.000000000015 83500.000000000015 156500.00000000003 15500.000000000002 28500.000000000004 254500.00000000003 92500.000000000015
decision_type=2 2 2 10 2 10 10 2 10 10 2 10 10 10 10 2 8 10 8 10 10 8 10 8 10 10 10 8 10 8
left_child=2 5 6 -3 -5 7 -1 10 15 14 12 -7 17 -14 -4 -6 18 27 20 -17 21 -9 -8 -24 -12 26 -26 29 -29 -2
right_child=1 3 9 4 8 11 22 16 -10 -11 24 -13 13 -15 -16 19 -18 -19 -20 -21 -22 -23 23 -25 25 -27 -28 28 -30 -31
leaf_value=-463.95831459633649 -4458.0043085734051 15933.458833644703 4.5977711491540489 -3206.4025390625002 6751.8059185321517 2176.8078256833355 -194.65411263403689 75.735265661168981 9795.4293702443447 230.88275872130609 801.45714312307166 6987.0539428710945 6719.0080357142861 1140.254118499756 -1453.0623107570627 -346.83836146763394 2110.3646943843332 -3317.0687591552737 1168.3537754095985 4669.3328450520839 1916.5868554433187 -4760.385464986166 102.17283325195314 5707.6335467529298 -443.95625318444291 2421.2423959585335 -4779.6388987731934 307.35310228170374 4573.873881225586 -328.2767058105469
leaf_weight=16903 24 23 24871 26 26 472 29151 27 24 16418 5271 20 21 80 191 21 367 24 1489 24 24 24 42 20 115 26 20 3591 20 75
leaf_count=16903 24 23 24871 26 26 472 29151 27 24 16418 5271 20 21 80 191 21 367 24 1489 24 24 24 42 20 115 26 20 3591 20 75
internal_value=0 825.651 -111.543 5545.28 3570.67 767.514 -290.533 697.003 5425.45 87.4506 578.08 2372.35 317.152 2300.19 -6.5112 3948.27 1267.72 263.514 1070 2328.45 -882.751 -2200.09 -190.186 1910.39 762.295 -519.847 -1086.28 286.676 330.984 -1329.42
internal_weight=0 11834 87596 144 121 11690 46116 11198 95 41480 9267 492 3835 101 25062 71 1931 3734 1564 45 75 51 29213 62 5432 161 135 3710 3611 99
internal_count=99430 11834 87596 144 121 11690 46116 11198 95 41480 9267 492 3835 101 25062 71 1931 3734 1564 45 75 51 29213 62 5432 161 135 3710 3611 99
is_linear=0
shrinkage=0.1


Tree=23
num_leaves=31
num_cat=0
split_feature=39 39 10 39 9 23 7 9 31 9 28 18 42 19 23 14 9 2 21 20 13 35 18 9 21 39 23 42 23 12
split_gain=7.51152e+11 2.95436e+11 2.75112e+11 1.81022e+11 1.15981e+11 1.14473e+11 7.53169e+10 6.29455e+10 5.59681e+10 5.12418e+10 4.25863e+10 4.24594e+10 3.62332e+10 3.31631e+10 3.40137e+10 3.249e+10 3.08769e+10 2.89615e+10 2.89415e+10 2.90753e+10 4.71e+10 4.01965e+10 4.31067e+10 7.57479e+10 3.69561e+10 3.58618e+10 3.08634e+10 3.01484e+10 3.44148e+10 2.87335e+10
threshold=73714.285714285725 200807.69230769234 21500.000000000004 33697.802197802208 113500.00000000001 641500.00000000012 -136499.99999999997 172500.00000000003 796500.00000000012 50500.000000000007 288000.00000000006 78500.000000000015 107500.00000000001 19500.000000000004 76500.000000000015 135500.00000000003 11500.000000000002 724000.00000000012 192500.00000000003 45500.000000000007 48500.000000000007 50500.000000000007 18500.000000000004 41500.000000000007 136500.00000000003 80351.648351648371 67500.000000000015 64833.333333333336 34500.000000000007 1.0000000180025095e-35
decision_type=2 2 8 2 8 10 8 10 8 10 10 10 8 8 8 10 10 2 10 8 10 8 10 10 8 2 8 10 10 8
left_child=3 4 -3 16 18 6 -4 -8 -7 11 12 29 13 14 -6 -13 -1 -9 19 20 21 -2 -23 -24 -22 -25 27 28 -21 -5
right_child=1 2 5 9 10 8 7 17 -10 -11 -12 15 -14 -15 -16 -17 -18 -19 -20 26 24 22 23 25 -26 -27 -28 -29 -30 -31
leaf_value=-535.16457354101681 -1330.4776064918155 13433.049831224525 -2581.6112029157366 400.33185222706436 -4982.3115102132169 3707.55820968628 7212.982153320313 1354.8168322559984 11188.743735351563 58.28207237465223 4927.8062943115237 -724.00201288098879 883.79693044124815 365.05613957183255 -148.54613795924831 -3800.7599752638075 -291.50559508963221 2936.2604489159967 -1146.6161396110144 -3264.0791248497599 720.72787295919079 -35.384913917824079 9448.2089037024471 -632.49991891043533 -3697.3110144042971 4470.6854286193848 333.64889471729236 -10.14274056942935 -222.64854780175222 -136.44650610368259
leaf_weight=7416 21 23 35 1039 24 20 24 299 20 27304 25 736 5830 834 37 36 17411 189 137 65 355 27 23 21 20 40 11538 985 87 24809
leaf_count=7416 21 23 35 1039 24 20 24 299 20 27304 25 736 5830 834 37 36 17411 189 137 65 355 27 23 21 20 40 11538 985 87 24809
internal_value=0 536.375 2704.4 -140.845 470.478 2284.03 1906.4 2213.19 7448.15 -37.9704 808.165 -136.696 792.851 200.43 -2050.36 -867.478 -364.288 1967.3 299.339 314.367 1056.94 2681.5 3440.53 4557.78 485.099 2713.85 284.664 -212.424 -1523.26 -114.87
internal_weight=0 20679 610 78751 20069 587 547 512 40 53924 6750 26620 6725 895 61 772 24827 488 13319 13182 507 132 111 84 375 61 12675 1137 152 25848
internal_count=99430 20679 610 78751 20069 587 547 512 40 53924 6750 26620 6725 895 61 772 24827 488 13319 13182 507 132 111 84 375 61 12675 1137 152 25848
is_linear=0
shrinkage=0.1


Tree=24
num_leaves=31
num_cat=0
split_feature=39 39 1 8 6 16 39 34 30 1 15 18 1 15 7 35 16 34 6 12 33 1 37 15 41 30 8 12 8 27
split_gain=6.11702e+11 2.25583e+11 2.21687e+11 2.32514e+11 1.16647e+11 8.3864e+10 6.32758e+10 5.64389e+10 4.64802e+10 4.43621e+10 8.26554e+10 4.71236e+10 4.29898e+10 7.49919e+10 4.08246e+10 5.82622e+10 3.80395e+10 3.62818e+10 3.35261e+10 3.32546e+10 3.88847e+10 3.82813e+10 3.81538e+10 4.19975e+10 2.9667e+10 2.68897e+10 2.53872e+10 2.40517e+10 4.53923e+10 3.23125e+10
threshold=95675.824175824164 51142.857142857152 448500.00000000006 -422499.99999999994 1.0000000180025095e-35 189500.00000000003 28939.560439560442 21500.000000000004 79500.000000000015 81500.000000000015 152500.00000000003 1.0000000180025095e-35 140500.00000000003 283500.00000000006 61500.000000000007 361500.00000000006 77500.000000000015 174500.00000000003 1.0000000180025095e-35 160500.00000000003 1.0000000180025095e-35 156500.00000000003 113500.00000000001 100500.00000000001 186642.85714285716 240500.00000000003 -59499.999999999993 25500.000000000004 -110499.99999999999 88500.000000000015
decision_type=2 2 2 10 2 10 2 8 8 2 10 8 2 10 10 10 10 10 2 10 8 2 10 10 10 10 10 10 10 10
left_child=1 6 5 -4 -5 8 -1 -7 17 10 -9 -11 13 24 15 -6 27 26 -14 20 22 -21 23 -18 -10 -13 -2 29 -29 -3
right_child=2 16 3 4 14 7 -8 9 12 11 -12 25 18 -15 -16 -17 19 -19 -20 21 -22 -23 -24 -25 -26 -27 -28 28 -30 -31
leaf_value=-361.41427023233945 -2134.1677149279362 235.07325978623376 13839.8100893767 -3063.7292968750003 -338.51620357118804 6524.704964932529 -133.4649050509893 7650.9794982910162 473.74728822963527 -2644.3498557535809 -528.96620163690477 1135.1259838616652 113.11358403813654 6594.5887072753903 7034.4685913085941 6056.6624581473225 490.36789876484556 -3852.6320556640626 1126.1526170466379 -245.81780672868095 270.13210329447918 -4069.6026919894753 4945.3290150233679 3751.1621711810435 -3383.8507836914064 2521.3778812049418 160.33967672494742 -1762.8732586627241 23.853931230964303 1825.2882265707606
leaf_weight=19581 58 3255 23 26 29 22 32208 30 6236 30 21 791 386 20 38 28 223 30 2126 96 8241 36 28 48 20 170 286 143 25068 133
leaf_count=19581 58 3255 23 26 29 22 32208 30 6236 30 21 791 386 20 38 28 223 30 2126 96 8241 36 28 48 20 170 286 143 25068 133
internal_value=0 -84.6368 726.881 4623.18 2871.26 672.014 -219.651 1512.36 574.423 1406.54 4282.77 1258.52 620.888 480.96 4495.57 2802.98 102.968 -517.389 970.487 286.431 310.777 -1288.67 1431.03 1067.93 461.415 1380.35 -226.525 47.3375 13.7194 297.499
internal_weight=0 89060 10370 144 121 10226 51789 1064 9162 1042 51 991 8788 6276 95 57 37271 374 2512 8672 8540 132 299 271 6256 961 344 28599 25211 3388
internal_count=99430 89060 10370 144 121 10226 51789 1064 9162 1042 51 991 8788 6276 95 57 37271 374 2512 8672 8540 132 299 271 6256 961 344 28599 25211 3388
is_linear=0
shrinkage=0.1


Tree=25
num_leaves=31
num_cat=0
split_feature=39 39 8 39 9 23 12 9 8 1 9 28 23 23 23 20 13 8 32 38 7 1 22 27 32 25 30 37 23 20
split_gain=5.01316e+11 2.13247e+11 2.04619e+11 1.05331e+11 9.09001e+10 6.74529e+10 4.44957e+10 6.96872e+10 4.12992e+10 3.62238e+10 3.54038e+10 3.45052e+10 3.37399e+10 3.33135e+10 3.31707e+10 2.97863e+10 6.95697e+10 4.93916e+10 2.77338e+10 3.43507e+10 3.56763e+10 2.94384e+10 3.28308e+10 3.64972e+10 2.70772e+10 2.70083e+10 2.77076e+10 2.75232e+10 2.66399e+10 4.9079e+10
threshold=68945.054945054959 177840.65934065936 -422499.99999999994 33697.802197802208 846500.00000000012 120500.00000000001 30500.000000000004 100500.00000000001 131500.00000000003 497500.00000000006 115500.00000000001 288000.00000000006 50500.000000000007 54500.000000000007 511000.00000000006 44500.000000000007 29500.000000000004 -31499.999999999996 154500.00000000003 82500.000000000015 -118499.99999999999 46500.000000000007 54500.000000000007 108500.00000000001 67500.000000000015 206500.00000000003 162500.00000000003 174500.00000000003 460500.00000000006 482500.00000000006
decision_type=2 2 8 2 8 10 8 10 10 2 10 10 8 8 10 8 8 10 10 8 10 2 10 8 10 10 10 8 10 10
left_child=3 5 -3 -1 6 8 -4 -8 10 -6 15 18 24 -10 28 16 17 -2 21 -20 -21 22 23 -7 -5 26 -12 -28 29 -9
right_child=1 2 4 12 9 11 7 14 13 -11 25 -13 -14 -15 -16 -17 -18 -19 19 20 -22 -23 -24 -25 -26 -27 27 -29 -30 -31
leaf_value=-296.53461993505215 6849.3586429718998 11468.081403459822 5605.9795023600263 -118.78676029137401 3280.8378234863285 1840.4260185546875 -3966.2728378906249 1243.0832269014099 -1864.4154166443707 9161.0852294921879 585.62711373919296 4856.8743475341798 20.398508516237627 -147.04688359109579 4276.0282411073385 196.45850908331411 480.76106874873341 1638.0120716441761 -2898.8335832868306 4183.8674889605982 183.42451535876046 759.51957354017577 1213.6192591153658 7495.3804850260422 -626.3631201303059 -2601.5274695763223 1346.7052118225099 5736.0353564453126 -1892.314922156701 5818.096721394857
leaf_weight=24827 31 21 24 18309 22 25 25 1020 146 20 2698 20 30779 499 38 15506 412 44 35 23 725 2795 104 21 1115 26 50 20 26 24
leaf_count=24827 31 21 24 18309 22 25 25 1020 146 20 2698 20 30779 499 38 15506 412 44 35 23 725 2795 104 21 1115 26 50 20 26 24
internal_value=0 393.749 1682.36 -128.049 1510.97 325.927 1345.08 1254.82 251.01 6080.96 278.022 714.348 -44.7267 -535.785 1372.62 220.644 990.711 3792.04 692.124 163.158 306.433 832.763 2197.53 4422.04 -147.923 606.456 636.589 2600.8 1269.51 1348.26
internal_weight=0 24400 1220 75030 1199 23180 1157 1133 19432 42 18787 3748 50203 645 1108 15993 487 75 3728 783 748 2945 150 46 19424 2794 2768 70 1070 1044
internal_count=99430 24400 1220 75030 1199 23180 1157 1133 19432 42 18787 3748 50203 645 1108 15993 487 75 3728 783 748 2945 150 46 19424 2794 2768 70 1070 1044
is_linear=0
shrinkage=0.1


Tree=26
num_leaves=31
num_cat=0
split_feature=39 39 15 17 42 15 17 17 15 40 7 17 10 18 27 38 37 39 40 12 41 40 11 12 13 29 29 12 29 34
split_gain=4.10598e+11 1.59986e+11 1.44523e+11 2.26188e+11 5.25434e+10 5.14354e+10 4.13529e+10 5.46577e+10 4.67738e+10 3.14345e+10 2.86699e+10 2.76696e+10 4.85793e+10 3.29383e+10 3.16565e+10 2.68717e+10 2.68456e+10 2.32257e+10 5.2695e+10 4.26786e+10 4.15657e+10 3.48139e+10 2.88426e+10 2.71421e+10 2.42699e+10 5.29668e+10 2.30727e+10 4.03399e+10 2.28151e+10 3.45627e+10
threshold=99912.087912087925 52648.351648351658 381000.00000000006 20500.000000000004 183833.33333333334 22500.000000000004 494000.00000000006 800500.00000000012 471000.00000000006 93283.333333333358 33500.000000000007 45500.000000000007 497500.00000000006 327500.00000000006 200500.00000000003 95500.000000000015 71500.000000000015 145791.20879120883 129616.66666666667 1.0000000180025095e-35 63500.000000000007 157100.00000000003 227500.00000000003 263500.00000000006 45500.000000000007 103500.00000000001 117500.00000000001 13500.000000000002 165500.00000000003 98500.000000000015
decision_type=2 2 10 10 8 8 10 10 10 8 10 8 10 10 10 10 8 2 8 8 8 10 10 10 8 8 10 10 10 8
left_child=1 5 4 -4 9 -1 8 10 -5 15 -8 -6 13 -13 -15 -2 -3 20 -19 -20 -11 23 -21 24 25 -22 -7 -28 -18 -30
right_child=2 16 3 6 11 26 7 -9 -10 17 -12 12 -14 14 -16 -17 28 18 19 22 21 -23 -24 -25 -26 -27 27 -29 29 -31
leaf_value=-336.90151266620569 5501.7270136294164 -29.502085353155309 13054.129017777877 3198.4138020833334 -2403.3617623415862 -118.69276556048145 3503.0533276875817 296.94038927801728 -2453.1762240409853 -4179.457739257813 8562.5129859561021 1176.6246743126319 5729.4368015455166 -4545.7009655761722 1080.7075659179689 489.82501708984375 151.15379054228487 4071.3724238077798 5074.6417635830967 689.92171614588028 5092.6332794189457 -2353.6058913355291 -3134.47485748291 -2156.1147777278252 393.83264244205691 621.31358933755018 5117.972780443275 143.77325853620258 2680.2262342521944 -898.16003501892089
leaf_weight=14150 23 11086 22 27 22 40305 24 29 32 20 21 1442 23 20 20 20 24415 48 22 1409 35 46 20 41 5797 109 23 56 83 40
leaf_count=14150 23 11086 22 27 22 40305 24 29 32 20 21 1442 23 20 20 20 24415 48 22 1409 35 46 20 41 5797 109 23 56 83 40
internal_value=0 -65.1679 633.673 3661.57 582.195 -172.834 2107.92 3682.4 133.145 474.515 5864.13 1117.42 1168.88 1098.11 -1732.5 3170.61 99.6489 459.154 811.526 703.689 371.818 386.919 636.396 407.993 425.688 1708.09 -115.346 1591.96 157.998 1516.52
internal_weight=0 90158 9272 155 9117 54534 133 74 59 7590 45 1527 1505 1482 40 43 35624 7547 1499 1451 6048 6028 1429 5982 5941 144 40384 79 24538 123
internal_count=99430 90158 9272 155 9117 54534 133 74 59 7590 45 1527 1505 1482 40 43 35624 7547 1499 1451 6048 6028 1429 5982 5941 144 40384 79 24538 123
is_linear=0
shrinkage=0.1


Tree=27
num_leaves=31
num_cat=0
split_feature=39 39 42 27 39 15 30 7 16 42 13 38 11 15 21 16 20 15 16 1 28 34 40 42 2 37 3 4 22 36
split_gain=3.35503e+11 1.44571e+11 1.02148e+11 2.29485e+11 7.73412e+10 5.12566e+10 5.03827e+10 4.86899e+10 4.85952e+10 4.09175e+10 3.53848e+10 5.74077e+10 4.94782e+10 4.30195e+10 3.29074e+10 3.61385e+10 3.03096e+10 2.81715e+10 2.73283e+10 2.86612e+10 2.58212e+10 2.56561e+10 2.43093e+10 2.42037e+10 2.32764e+10 2.31671e+10 2.3734e+10 2.23842e+10 2.66283e+10 2.22752e+10
threshold=70879.120879120892 187060.43956043958 164166.66666666672 304500.00000000006 29582.417582417587 111500.00000000001 796500.00000000012 -91499.999999999985 201500.00000000003 339833.33333333337 44500.000000000007 48500.000000000007 219500.00000000003 115500.00000000001 160500.00000000003 57500.000000000007 304500.00000000006 49500.000000000007 127500.00000000001 199500.00000000003 71500.000000000015 106500.00000000001 13783.333333333334 83833.333333333358 24500.000000000004 71500.000000000015 38.242389120000006 55.50998266500001 136500.00000000003 155500.00000000003
decision_type=2 2 8 8 2 10 10 8 10 8 10 8 10 10 10 10 10 8 10 2 8 10 8 10 2 8 2 2 10 8
left_child=4 5 3 -3 -1 14 7 8 -4 29 11 -7 13 -13 -2 -16 18 22 19 20 27 -21 -6 -15 -22 -17 -27 -12 -29 -9
right_child=1 2 6 -5 17 10 -8 9 -10 -11 16 12 -14 23 15 25 -18 -19 -20 21 24 -23 -24 -25 -26 26 -28 28 -30 -31
leaf_value=-267.12856058958084 212.33319626475205 430.25778442382818 -5605.8057238769534 14259.114021759033 1873.9190067478867 6822.1112777709968 6273.8268554687502 -2242.4084025573734 542.05910780164936 2854.3555971797823 4495.5879438920456 5217.3807287597665 5769.1950372869323 2074.4503362721412 -3551.6006475539434 -3179.9794958043985 -3401.8538354492189 22.931620926873471 721.62225690917671 -3162.559652709961 -2385.2557543205494 541.3438488006592 -124.83325670852726 -349.915158446406 287.72122275496207 -394.92127293178015 3120.9646141415551 351.90672255548941 3498.9112283761165 1148.8147773084113
leaf_weight=20435 15829 30 20 20 61 20 20 20 36 155 22 20 22 58 42 27 20 31406 2765 45 33 32 24592 142 2548 224 21 116 35 614
leaf_count=20435 15829 30 20 20 61 20 20 20 36 155 22 20 22 58 42 27 20 31406 2765 45 33 32 24592 142 2548 224 21 116 35 614
internal_value=0 335.463 1567.12 5961.8 -100.585 284.286 1313.09 1195.68 -1653.61 1397.91 537.119 1673.06 1247.52 795.354 192.224 -821.493 484.124 -39.8758 498.013 279.616 332.82 -1623.28 -119.888 353.151 253.545 -399.932 -93.5596 1515.53 1081.34 1041.84
internal_weight=0 22936 915 50 76494 22021 865 845 56 789 5878 262 242 220 16143 314 5616 56059 5596 2831 2754 77 24653 200 2581 272 245 173 151 634
internal_count=99430 22936 915 50 76494 22021 865 845 56 789 5878 262 242 220 16143 314 5616 56059 5596 2831 2754 77 24653 200 2581 272 245 173 151 634
is_linear=0
shrinkage=0.1


Tree=28
num_leaves=31
num_cat=0
split_feature=39 9 39 9 14 9 8 18 20 42 6 39 33 6 8 18 25 21 8 8 22 37 16 41 13 16 16 33 39 17
split_gain=2.76379e+11 1.07538e+11 9.43062e+10 2.20175e+11 5.93736e+10 4.12383e+10 3.69866e+10 3.6255e+10 7.42413e+10 6.11952e+10 3.35106e+10 3.27421e+10 3.26184e+10 3.15913e+10 3.15696e+10 2.70451e+10 3.47441e+10 3.57908e+10 2.65727e+10 2.59573e+10 5.33306e+10 2.54397e+10 2.42065e+10 4.08126e+10 2.57374e+10 2.35824e+10 2.34658e+10 2.27023e+10 5.83968e+10 4.01372e+10
threshold=95675.824175824164 49500.000000000007 252285.71428571432 29500.000000000004 44500.000000000007 138500.00000000003 376500.00000000006 65500.000000000007 117500.00000000001 129500.00000000001 1.0000000180025095e-35 13796.703296703299 261500.00000000003 4.5000000000000009 170500.00000000003 133500.00000000003 173500.00000000003 80500.000000000015 -123499.99999999999 256500.00000000003 17500.000000000004 184500.00000000003 236500.00000000003 119642.85714285716 201500.00000000003 87500.000000000015 260500.00000000003 142500.00000000003 126521.97802197804 177500.00000000003
decision_type=2 10 2 10 10 8 10 8 10 10 2 2 10 2 10 10 10 10 8 10 10 10 10 10 10 8 10 10 2 10
left_child=1 11 5 -4 -5 10 14 8 9 -7 25 -1 22 -3 -6 16 19 -18 21 -13 -21 -9 24 -24 -12 -2 27 -20 29 -29
right_child=2 13 3 4 6 7 -8 18 -10 -11 12 15 -14 -15 -16 -17 17 -19 26 20 -22 -23 23 -25 -26 -27 -28 28 -30 -31
leaf_value=-362.66823325371831 -1266.8787740937958 3.9112136659966446 12363.356845703125 -2622.3229801301036 2063.7011312973095 1655.4685269442471 6032.9567760649188 -1067.8957927314602 250.2936271304176 8886.9344482421875 417.76045164417184 -124.48664985362905 -2849.2347601121473 194.50051437071494 -1633.2228227175201 -1382.608826195212 135.94646508789063 5811.4799462890624 877.92069423811392 4746.9380583732363 -1779.8459434872582 2325.4904409555288 5942.2419613792781 15.042805833082932 -1045.7894307950648 -15.160694819702499 2724.7831555818257 -969.27776828981791 509.21278064442197 -6226.8079589843755
leaf_weight=6639 182 27254 20 31 207 22 21 147 63 25 5199 42127 31 12773 26 170 25 20 2078 31 21 26 21 26 123 870 57 53 1122 20
leaf_count=6639 182 27254 20 31 207 22 21 147 63 25 5199 42127 31 12773 26 170 25 20 2078 31 21 26 21 26 123 870 57 53 1122 20
internal_value=0 -56.8907 488.591 2220.95 1509.2 436.095 2013.44 706.589 2494.2 5501.99 284.624 -156.173 385.214 64.7301 1651.17 -123.836 -118.768 2658.41 650.455 -121.731 2111.12 -557.907 403.889 2663.37 383.935 -231.713 713.231 678.2 330.903 -2409.7
internal_weight=0 89060 10370 305 285 10065 254 3613 110 47 6452 49033 5400 40027 233 42394 42224 45 3503 42179 52 173 5369 47 5322 1052 3330 3273 1195 73
internal_count=99430 89060 10370 305 285 10065 254 3613 110 47 6452 49033 5400 40027 233 42394 42224 45 3503 42179 52 173 5369 47 5322 1052 3330 3273 1195 73
is_linear=0
shrinkage=0.1


Tree=29
num_leaves=31
num_cat=0
split_feature=39 11 18 39 21 9 23 11 17 8 16 1 17 3 23 8 6 6 15 37 18 16 4 36 15 37 7 17 15 27
split_gain=2.32667e+11 1.15496e+11 2.07338e+11 7.63418e+10 5.12087e+10 4.59433e+10 4.21152e+10 3.82386e+10 6.5284e+10 3.06328e+10 3.9273e+10 3.41156e+10 3.52751e+10 2.9913e+10 2.93514e+10 2.92604e+10 2.91811e+10 2.72863e+10 2.68779e+10 2.58249e+10 2.50463e+10 2.43735e+10 2.42463e+10 2.40537e+10 2.35889e+10 2.14759e+10 2.14143e+10 3.24373e+10 2.13893e+10 4.49738e+10
threshold=61923.076923076929 449500.00000000006 967000.00000000012 133060.43956043958 860000.00000000012 16500.000000000004 574000.00000000012 58500.000000000007 54500.000000000007 235500.00000000003 162500.00000000003 167500.00000000003 172500.00000000003 37.917392305000007 52500.000000000007 263500.00000000006 1.5000000000000002 3.5000000000000004 84500.000000000015 25500.000000000004 75500.000000000015 69500.000000000015 55.587371020000013 124500.00000000001 263500.00000000006 4500.0000000000009 159500.00000000003 153500.00000000003 170500.00000000003 107500.00000000001
decision_type=2 10 8 2 8 10 10 10 8 10 10 2 10 2 10 10 2 2 8 8 10 10 2 8 10 10 8 10 10 8
left_child=5 3 4 9 6 15 13 8 -5 17 11 12 21 -3 -7 20 19 -2 26 -9 -1 25 -10 -23 -20 -11 27 -19 -18 -30
right_child=1 2 -4 7 -6 14 -8 16 22 10 -12 -13 -14 -15 -16 -17 28 18 24 -21 -22 23 -24 -25 -26 -27 -28 -29 29 -31
leaf_value=-255.97420660039771 79.109304424885508 -1170.2452735900879 10983.449986436632 6855.9879861582885 -3123.2283402876419 -102.56474051542783 6056.6011247114702 -3468.0666040039064 -311.59785087696019 -3065.2651087100694 -3849.2076132284633 3064.0286165677589 -4475.0370632005779 3188.3308386033586 75.929652018136125 3551.6841967773435 489.02939825043768 137.30013414016756 435.39309161042678 163.30959494927231 -1203.5470866099574 -896.98065328395114 1859.6382026370209 1365.2781148327158 -2773.0029657778537 260.04344639931958 2463.6106356107275 -2091.9356690377899 4628.9555123465407 975.2751362229983
leaf_weight=13128 15456 32 27 23 22 42450 22 20 69 52 37 26 23 31 11766 20 1342 5925 6249 941 285 94 202 94 23 31 39 66 35 900
leaf_count=13128 15456 32 27 23 22 42450 22 20 69 52 37 26 23 31 11766 20 1342 5925 6249 941 285 94 202 94 23 31 39 66 35 900
internal_value=0 223.18 3152.82 210.776 1176.87 -104.848 2289.83 648.977 1740.93 155.726 -764.69 -408.042 -715.096 974.451 -63.8277 -270.409 549.831 167.563 278.695 87.7346 -276.108 -395.987 1306.81 234.149 423.628 -1823.28 127.946 112.742 744.857 1112.04
internal_weight=0 31781 134 31647 107 67649 85 3532 294 28115 357 320 294 63 54216 13433 3238 27758 12302 961 13413 271 271 188 6272 83 6030 5991 2277 935
internal_count=99430 31781 134 31647 107 67649 85 3532 294 28115 357 320 294 63 54216 13433 3238 27758 12302 961 13413 271 271 188 6272 83 6030 5991 2277 935
is_linear=0
shrinkage=0.1


Tree=30
num_leaves=31
num_cat=0
split_feature=1 11 41 23 23 6 11 42 1 23 0 15 15 40 1 24 37 14 1 26 25 21 13 26 6 33 15 14 24 13
split_gain=1.92536e+11 1.13041e+11 1.45016e+11 6.38277e+10 5.79083e+10 4.98789e+10 4.69844e+10 5.61158e+10 4.0746e+10 3.98975e+10 3.97859e+10 3.61758e+10 3.44056e+10 3.90882e+10 3.36109e+10 3.07271e+10 2.42038e+10 2.37795e+10 3.36105e+10 2.91978e+10 5.31049e+10 2.24353e+10 2.70807e+10 2.23968e+10 2.19264e+10 2.14521e+10 2.32202e+10 2.14277e+10 2.73446e+10 2.11896e+10
threshold=76500.000000000015 449500.00000000006 265285.71428571438 304500.00000000006 55500.000000000007 1.0000000180025095e-35 217500.00000000003 155833.33333333334 167500.00000000003 813000.00000000012 676433.00000000012 200500.00000000003 16500.000000000004 64883.333333333336 316500.00000000006 49500.000000000007 3500.0000000000005 1.0000000180025095e-35 223500.00000000003 22500.000000000004 132500.00000000003 179500.00000000003 92500.000000000015 47500.000000000007 3.5000000000000004 58500.000000000007 166500.00000000003 532500.00000000012 485500.00000000006 276500.00000000006
decision_type=2 10 10 10 10 2 10 10 2 10 2 10 8 10 2 10 8 8 2 8 10 10 10 10 2 10 10 10 10 10
left_child=3 5 -3 4 6 14 7 12 -7 27 -8 21 13 16 29 -13 23 18 -10 20 -19 25 -23 -1 -14 26 -6 28 -4 -2
right_child=1 2 9 -5 11 8 10 -9 17 -11 -12 15 24 -15 -16 -17 -18 19 -20 -21 -22 22 -24 -25 -26 -27 -28 -29 -30 -31
leaf_value=-533.19314146329384 -123.00506639879744 11058.108082275392 -33.818974777747847 5576.1722033691403 184.63157951532759 260.29151544239005 -775.72153817636001 5179.27001953125 915.91186984669082 5576.7925337357956 -6660.3157891464234 5864.3215583801275 -141.27755271207548 -2894.9912863212721 -3712.0373833876388 321.11462524414065 -219.92602249103197 5654.0160226532907 -3204.1627535714047 751.49828896703332 -528.16908772786462 -3903.2773420764556 -111.50440832773846 -1835.7734689505996 -8.220631746250449 -33.855285401934616 3595.6679858398438 -1244.5213470458984 4529.3789540608732 3143.200718994141
leaf_weight=829 2891 20 29 20 9268 16187 27 20 44 22 20 20 28976 57 26 20 9444 33 36 1767 24 31 48 157 21630 7688 20 32 24 20
leaf_count=829 2891 20 29 20 9268 16187 27 20 44 22 20 20 28976 57 26 20 9444 33 36 1767 24 31 48 157 21630 7688 20 32 24 20
internal_value=0 267.671 3242.14 -72.3422 -73.7858 249.707 -119.265 -116.835 311.762 1781.21 -3279.8 88.9239 -118.568 -283.42 -132.535 3092.72 -269.148 749.346 -938.122 823.357 3050.99 81.879 -1599.42 -740.602 -84.4064 89.7031 191.977 798.82 2032.53 -100.565
internal_weight=0 21155 127 78275 78255 21028 61160 61113 18091 107 47 17095 61093 10487 2937 40 10430 1904 80 1824 57 17055 79 986 50606 16976 9288 85 53 2911
internal_count=99430 21155 127 78275 78255 21028 61160 61113 18091 107 47 17095 61093 10487 2937 40 10430 1904 80 1824 57 17055 79 986 50606 16976 9288 85 53 2911
is_linear=0
shrinkage=0.1


end of trees

feature_importances:
mean_income_all=179
income_1_day_before=95
income_15_day_before=66
income_8_day_before=65
money_in=43
mean_income_last_3_days=42
income_7_day_before=41
mean_income_last_30_days=26
yesterday_growth_of_income_growth=24
mean_income_last_7_days=23
income_9_day_before=21
weekday=18
yesterday_income_growth=17
income_5_day_before=17
income_3_day_before=16
income_4_day_before=15
income_12_day_before=15
income_22_day_before=15
income_13_day_before=14
latitude=13
income_29_day_before=13
income_10_day_before=12
income_6_day_before=11
income_28_day_before=10
income_20_day_before=9
income_30_day_before=9
money=8
income_11_day_before=8
income_19_day_before=8
income_2_day_before=7
income_17_day_before=7
income_21_day_before=7
income_26_day_before=7
TID=6
longitude=6
income_23_day_before=6
income_24_day_before=6
income_25_day_before=6
income_18_day_before=5
day=4
income_14_day_before=4
income_16_day_before=3
income_27_day_before=3

parameters:
[boosting: gbdt]
[objective: regression]
[metric: l2]
[tree_learner: serial]
[device_type: cpu]
[data: ]
[valid: ]
[num_iterations: 31]
[learning_rate: 0.1]
[num_leaves: 31]
[num_threads: -1]
[deterministic: 0]
[force_col_wise: 0]
[force_row_wise: 0]
[histogram_pool_size: -1]
[max_depth: -1]
[min_data_in_leaf: 20]
[min_sum_hessian_in_leaf: 0.001]
[bagging_fraction: 0.7]
[pos_bagging_fraction: 1]
[neg_bagging_fraction: 1]
[bagging_freq: 0]
[bagging_seed: 3014]
[feature_fraction: 0.7]
[feature_fraction_bynode: 1]
[feature_fraction_seed: 29554]
[extra_trees: 0]
[extra_seed: 19515]
[early_stopping_round: 0]
[first_metric_only: 0]
[max_delta_step: 0]
[lambda_l1: 0]
[lambda_l2: 0]
[linear_lambda: 0]
[min_gain_to_split: 0]
[drop_rate: 0.1]
[max_drop: 50]
[skip_drop: 0.5]
[xgboost_dart_mode: 0]
[uniform_drop: 0]
[drop_seed: 12050]
[top_rate: 0.2]
[other_rate: 0.1]
[min_data_per_group: 100]
[max_cat_threshold: 32]
[cat_l2: 10]
[cat_smooth: 10]
[max_cat_to_onehot: 4]
[top_k: 20]
[monotone_constraints: ]
[monotone_constraints_method: basic]
[monotone_penalty: 0]
[feature_contri: ]
[forcedsplits_filename: ]
[refit_decay_rate: 0.9]
[cegb_tradeoff: 1]
[cegb_penalty_split: 0]
[cegb_penalty_feature_lazy: ]
[cegb_penalty_feature_coupled: ]
[path_smooth: 0]
[interaction_constraints: ]
[verbosity: -1]
[saved_feature_importance_type: 0]
[linear_tree: 0]
[max_bin: 255]
[max_bin_by_feature: ]
[min_data_in_bin: 3]
[bin_construct_sample_cnt: 200000]
[data_random_seed: 126]
[is_enable_sparse: 1]
[enable_bundle: 1]
[use_missing: 1]
[zero_as_missing: 0]
[feature_pre_filter: 1]
[pre_partition: 0]
[two_round: 0]
[header: 0]
[label_column: ]
[weight_column: ]
[group_column: ]
[ignore_column: ]
[categorical_feature: ]
[forcedbins_filename: ]
[precise_float_parser: 0]
[objective_seed: 25204]
[num_class: 1]
[is_unbalance: 0]
[scale_pos_weight: 1]
[sigmoid: 1]
[boost_from_average: 1]
[reg_sqrt: 0]
[alpha: 0.9]
[fair_c: 1]
[poisson_max_delta_step: 0.7]
[tweedie_variance_power: 1.5]
[lambdarank_truncation_level: 30]
[lambdarank_norm: 1]
[label_gain: ]
[eval_at: ]
[multi_error_top_k: 1]
[auc_mu_weights: ]
[num_machines: 1]
[local_listen_port: 12400]
[time_out: 120]
[machine_list_filename: ]
[machines: ]
[gpu_platform_id: -1]
[gpu_device_id: -1]
[gpu_use_dp: 0]
[num_gpu: 1]

end of parameters

pandas_categorical:[]
