tree
version=v3
num_class=1
num_tree_per_iteration=1
label_index=0
max_feature_idx=42
objective=regression
feature_names=TID money_in money longitude latitude day weekday yesterday_income_growth yesterday_growth_of_income_growth income_1_day_before income_2_day_before income_3_day_before income_4_day_before income_5_day_before income_6_day_before income_7_day_before income_8_day_before income_9_day_before income_10_day_before income_11_day_before income_12_day_before income_13_day_before income_14_day_before income_15_day_before income_16_day_before income_17_day_before income_18_day_before income_19_day_before income_20_day_before income_21_day_before income_22_day_before income_23_day_before income_24_day_before income_25_day_before income_26_day_before income_27_day_before income_28_day_before income_29_day_before income_30_day_before mean_income_all mean_income_last_30_days mean_income_last_7_days mean_income_last_3_days
feature_infos=[406136:699664] [0:2697000] [0:6019000] [35.500558769999998:39.842458970000003] [54.458422939999998:56.757842529999998] [1:31] [0:6] [-2214000:2697000] [-4911000:2697000] [0:2697000] [0:2697000] [0:2697000] [0:2697000] [0:2697000] [0:2697000] [0:2697000] [0:2697000] [0:2697000] [0:2697000] [0:2697000] [0:2697000] [0:2697000] [0:2697000] [0:2697000] [0:2697000] [0:2697000] [0:2697000] [0:2697000] [0:2697000] [0:2697000] [0:2697000] [0:2697000] [0:2697000] [0:2697000] [0:2697000] [0:2697000] [0:2697000] [0:2697000] [0:2697000] [2274.7252747252742:734461.5384615385] [0:843500] [0:917142.85714285716] [0:1247000]
tree_sizes=2844 2866 2868 2875 2859 2848 2897 2866 2890 2857 2851 2883 2888 2860 2831 2847 2861 2857 2838 2885 2851 2867 2835 2842 2840 2851 2843

Tree=0
num_leaves=31
num_cat=0
split_feature=39 39 39 39 4 39 39 39 39 11 39 39 13 39 19 20 39 19 39 39 26 8 21 11 3 0 19 41 26 19
split_gain=7.95449e+13 3.01624e+13 2.15764e+13 9.69893e+12 6.51613e+12 4.24067e+12 3.41931e+12 1.70681e+12 1.45442e+12 1.44941e+12 6.45943e+11 5.19438e+11 4.7479e+11 4.54316e+11 3.03793e+11 2.72639e+11 2.66146e+11 1.91116e+11 1.91009e+11 1.86653e+11 1.78906e+11 1.49598e+11 1.35901e+11 1.30726e+11 1.17257e+11 1.09534e+11 1.08668e+11 1.0767e+11 9.9273e+10 1.58972e+11
threshold=83862.637362637368 252285.71428571432 42313.186813186818 133060.43956043958 55.950833515000006 60115.384615384624 23967.03296703297 106637.36263736265 171978.02197802201 373000.00000000006 70543.956043956059 51142.857142857152 484500.00000000006 33697.802197802208 214500.00000000003 800500.00000000012 14615.384615384619 172500.00000000003 94730.769230769234 120565.93406593408 292500.00000000006 -95499.999999999985 61500.000000000007 1.0000000180025095e-35 37.97622848000001 634541.00000000012 89500.000000000015 115357.14285714287 72500.000000000015 97500.000000000015
decision_type=2 2 2 2 2 2 2 2 2 10 2 2 8 2 10 10 2 10 2 2 8 10 8 8 2 2 10 10 8 10
left_child=2 3 6 7 9 11 16 18 17 20 -7 -4 24 -8 -10 -6 -1 28 -2 -9 -3 -22 -19 27 -11 -23 -12 -21 29 -5
right_child=1 4 5 8 15 10 13 19 14 12 26 -13 -14 -15 -16 -17 -18 22 -20 23 21 25 -24 -25 -26 -27 -28 -29 -30 -31
leaf_value=51841.787864198843 59766.75677822579 76760.154568304963 55481.097182348109 55897.519628124246 129250.12835599526 57327.366981648476 53728.591654667878 62090.39066276481 69152.1296053267 86458.262600500748 58347.951582409776 56341.894211784245 106458.96247666623 54622.822962098573 73016.43232228815 115731.33844184689 52700.533489307316 75764.41622429881 60809.470798362847 55315.844742016445 76356.79773099524 83212.927565721679 67279.416313802503 63603.508070141812 95437.75016606017 91634.850962749901 59336.094114326319 62711.082882284922 65357.412130223864 66197.964634077041
leaf_weight=7503 4392 61 14396 29 35 10675 10370 2196 962 26 6845 13664 33 12566 258 26 6954 20 2928 35 21 47 336 1872 33 23 1329 45 1719 31
leaf_count=7503 4392 61 14396 29 35 10675 10370 2196 962 26 6845 13664 33 12566 258 26 6954 20 2928 35 21 47 336 1872 33 23 1329 45 1719 31
internal_value=56449.4 63126.3 55251.2 62485.8 94254.9 56679.5 53459.3 61102.2 67215 86946.6 57839.6 55900.3 96853.3 54218.5 69969.3 123488 52254.9 65641.1 60183.8 62722.8 80950.5 83759.4 67756.1 63434.3 91480.7 85980.1 58508.6 59475.7 65217.9 61219.4
internal_weight=0 15128 84302 14823 305 46909 37393 11468 3355 244 18849 28060 92 22936 1220 61 14457 2135 7320 4148 152 91 356 1952 59 70 8174 80 1779 60
internal_count=99430 15128 84302 14823 305 46909 37393 11468 3355 244 18849 28060 92 22936 1220 61 14457 2135 7320 4148 152 91 356 1952 59 70 8174 80 1779 60
is_linear=0
shrinkage=1


Tree=1
num_leaves=31
num_cat=0
split_feature=39 39 39 39 4 39 39 39 11 39 39 13 12 39 39 40 39 12 20 12 39 39 12 8 19 3 39 12 40 1
split_gain=6.44572e+13 2.46961e+13 1.69406e+13 8.29812e+12 5.27807e+12 3.04811e+12 2.9092e+12 1.72741e+12 1.17402e+12 1.05047e+12 5.00083e+11 3.96392e+11 3.76682e+11 3.50387e+11 3.26528e+11 2.90905e+11 2.88858e+11 2.34681e+11 2.20837e+11 2.10263e+11 1.39872e+11 1.38917e+11 1.32734e+11 1.93233e+11 1.19001e+11 1.09256e+11 1.05913e+11 1.03473e+11 1.23438e+11 1.00361e+11
threshold=82285.714285714304 252285.71428571432 43005.494505494513 126521.97802197804 55.950833515000006 59532.967032967041 25796.703296703297 158895.60439560443 373000.00000000006 102758.24175824177 68945.054945054959 505500.00000000006 210500.00000000003 50010.989010989018 34835.16483516484 150483.33333333337 15829.670329670331 176500.00000000003 800500.00000000012 281500.00000000006 89252.747252747271 115593.4065934066 66500.000000000015 -204499.99999999997 38500.000000000007 37.97622848000001 135483.51648351652 155500.00000000003 135583.33333333334 105500.00000000001
decision_type=2 2 2 2 2 2 2 2 10 2 2 8 10 2 2 10 2 10 10 10 2 2 8 8 8 2 2 8 8 2
left_child=2 3 6 9 8 13 16 17 19 20 -7 25 27 -4 -8 21 -1 22 -6 -3 -2 -11 24 -24 -5 -10 -25 28 -9 -19
right_child=1 4 5 7 18 10 14 12 11 15 -12 -13 -14 -15 -16 -17 -18 29 -20 -21 -22 -23 23 26 -26 -27 -28 -29 -30 -31
leaf_value=-4101.5910114490443 2625.7820018518169 19005.887776569743 -881.32463608989519 -2614.4055220170458 65520.701785714286 701.81917190100319 -2341.8900996986026 16337.168396577383 27524.542111545139 4716.7183366845002 1736.5510398668205 47412.436458333337 14690.546322577662 -152.20331274796968 -1577.7775173482339 -6285.0083806818184 -3242.6619055759452 14949.539126978167 53353.790024038462 26593.722412909836 3518.0692643275029 5911.6104382869235 16948.913755580357 6598.9195673908544 5480.8972359290492 35716.786585365851 7956.180468362556 11369.302819990737 8301.285998936326 9499.7223389636856
leaf_weight=8418 2928 91 12383 22 35 10309 10370 21 27 2196 8540 24 338 14091 12139 22 7320 39 26 61 4392 1747 21 1093 104 41 1213 953 213 253
leaf_count=8418 2928 91 12383 22 35 10309 10370 21 27 2196 8540 24 338 14091 12139 22 7320 39 26 61 4392 1747 21 1093 104 41 1213 953 213 253
internal_value=0 5844.54 -1109.18 5291.99 34025 198.73 -2659.07 9046.83 27447.6 3871.23 1170.63 36363.6 11745.3 -493.244 -1929.81 5182.15 -3702.09 7547.67 60334.8 22051 3161.15 5246.13 7228.65 7399.83 4067.43 32464 7312.86 10906.7 9022.45 10227.6
internal_weight=0 15860 83570 15555 305 45323 38247 4270 244 11285 18849 92 1525 26474 22509 3965 15738 2745 61 152 7320 3943 2453 2327 126 68 2306 1187 234 292
internal_count=99430 15860 83570 15555 305 45323 38247 4270 244 11285 18849 92 1525 26474 22509 3965 15738 2745 61 152 7320 3943 2453 2327 126 68 2306 1187 234 292
is_linear=0
shrinkage=0.1


Tree=2
num_leaves=31
num_cat=0
split_feature=39 39 39 39 4 39 39 39 12 11 39 39 39 39 34 1 38 39 12 40 39 39 39 12 21 42 12 0 11 19
split_gain=5.22126e+13 1.98973e+13 1.39659e+13 6.54339e+12 4.27524e+12 3.01344e+12 1.93257e+12 1.1891e+12 9.69127e+11 9.5096e+11 5.65427e+11 2.98219e+11 2.97072e+11 2.72894e+11 2.29612e+11 2.49476e+11 2.17184e+11 2.15089e+11 1.70313e+11 1.58611e+11 1.98459e+11 1.47076e+11 1.20178e+11 1.18958e+11 1.51917e+11 1.13639e+11 1.40321e+11 1.02307e+11 9.97318e+10 9.27082e+10
threshold=83208.791208791226 252285.71428571432 40736.263736263747 133060.43956043958 55.950833515000006 57725.274725274743 22428.571428571431 105175.82417582419 175500.00000000003 373000.00000000006 68505.494505494527 187060.43956043958 48252.747252747264 30857.142857142859 352500.00000000006 422500.00000000006 1045500.0000000001 158895.60439560443 281500.00000000006 150483.33333333337 120565.93406593408 12170.329670329673 93934.065934065948 44500.000000000007 58500.000000000007 159833.33333333334 66500.000000000015 677542.00000000012 240500.00000000003 89500.000000000015
decision_type=2 2 2 2 2 2 2 2 10 10 2 2 2 2 8 2 8 2 10 10 2 2 2 8 8 10 8 2 8 10
left_child=2 3 6 7 9 12 21 22 17 18 -7 -10 -4 -8 -11 -16 -6 23 28 20 -9 -1 -2 -5 -25 26 -22 -21 -3 -12
right_child=1 4 5 8 16 10 13 19 11 14 29 -13 -14 -15 15 -17 -18 -19 -20 27 25 -23 -24 24 -26 -27 -28 -29 -30 -31
leaf_value=-3872.0137742716274 2602.6556447623643 22202.175477430559 -939.18208559296636 2664.3710855960849 47605.456250000003 538.23414214310003 -2371.1223184230589 4487.5231414036671 9720.8495234256461 23248.386601562503 1441.5256554679108 13003.730146504849 -280.82088147397366 -1635.6162119387284 44234.273224431818 31455.653312500002 59618.631709558824 9071.4601116652721 23934.350096055328 -5656.5075994318186 963.55241556475255 -3194.0401851930219 3429.7435609150452 13577.397101353237 6912.2276707222964 8841.8176448498743 5805.9389738410209 3260.0565650201615 14955.053967285157 2354.6148517254337
leaf_weight=5185 4392 27 13237 64 27 12505 8296 2562 659 20 7980 477 14213 12871 22 50 34 630 61 22 62 8357 2928 35 1490 118 1719 31 64 1292
leaf_count=5185 4392 27 13237 64 27 12505 8296 2562 659 20 7980 477 14213 12871 22 50 34 630 61 22 62 8357 2928 35 1490 118 1719 31 64 1292
internal_value=0 5333.61 -984.547 4825.8 30622.5 98.582 -2520.72 3720.66 8723.93 24702.8 977.001 11099.3 -598.297 -1923.88 32727.2 35360.2 54301.3 7507.87 19845.9 4997.15 5061.76 -3453.62 2933.49 6887.95 7065.2 5836.48 5637.37 -441.159 17105.3 1568.76
internal_weight=0 15494 83936 15189 305 49227 34709 11834 3355 244 21777 1136 27450 21167 92 72 61 2219 152 4514 4461 13542 7320 1589 1525 1899 1781 53 91 9272
internal_count=99430 15494 83936 15189 305 49227 34709 11834 3355 244 21777 1136 27450 21167 92 72 61 2219 152 4514 4461 13542 7320 1589 1525 1899 1781 53 91 9272
is_linear=0
shrinkage=0.1


Tree=3
num_leaves=31
num_cat=0
split_feature=39 39 39 39 9 39 39 39 39 13 26 42 39 19 39 39 39 33 40 19 19 8 18 39 39 22 31 39 26 19
split_gain=4.2319e+13 1.65973e+13 1.03419e+13 6.18123e+12 2.60949e+12 2.0211e+12 1.52381e+12 1.13697e+12 8.94024e+11 6.34455e+11 5.01475e+11 4.32557e+11 3.37126e+11 3.19128e+11 2.46363e+11 2.11094e+11 2.07673e+11 1.97675e+11 1.85025e+11 1.63669e+11 1.41545e+11 1.31575e+11 1.23136e+11 1.22453e+11 1.22062e+11 1.15686e+11 7.68675e+10 7.44622e+10 8.06386e+10 6.58538e+10
threshold=78873.626373626394 252285.71428571432 40428.571428571442 126521.97802197804 575500.00000000012 56357.142857142862 22428.571428571431 158895.60439560443 99912.087912087925 400000.00000000006 800500.00000000012 248333.33333333334 67423.076923076951 694500.00000000012 200807.69230769234 29983.516483516487 47291.208791208795 284500.00000000006 150483.33333333337 173500.00000000003 122500.00000000001 -147499.99999999997 359000.00000000006 13247.252747252749 87912.087912087925 71500.000000000015 263500.00000000006 141604.39560439563 1.0000000180025095e-35 98500.000000000015
decision_type=2 2 2 2 10 2 2 2 2 8 8 10 2 8 2 2 2 8 10 10 10 8 10 2 2 8 10 2 8 10
left_child=2 3 6 8 9 16 23 19 24 17 -6 -11 -7 -13 -9 -8 -4 -3 20 27 -10 -16 26 -1 -2 -21 -19 -5 -29 -14
right_child=1 4 5 7 10 12 15 14 18 11 -12 13 29 -15 21 -17 -18 22 -20 25 -22 -23 -24 -25 -26 -27 -28 28 -30 -31
leaf_value=-3434.4245564405883 1971.7389106028718 12835.937139601934 -888.90409357327326 5384.1133700843284 34236.20262784091 408.39875691591487 -2176.4244987292891 8887.3305026720391 3788.3984274939803 16022.093703497025 53207.512294407905 28283.311257684429 1161.6506144592577 42106.03328804348 4224.3792138671879 -1508.8340404980656 -326.46369390458818 17273.170793805806 -5090.8568181818191 14352.680209455821 5068.677806191432 12615.095576343203 28035.937187500003 -2831.0244084367596 2734.0405050794816 7696.3250771558924 24249.281534090911 1002.5877779447115 6643.5491209382662 2415.3340376326519
leaf_weight=6222 4392 42 12200 1427 22 12871 7320 1220 3532 21 38 61 7731 23 20 13420 14213 56 22 29 1143 285 20 7320 4026 262 22 26 1001 443
leaf_count=6222 4392 42 12200 1427 22 12871 7320 1220 3532 21 38 61 7731 23 20 13420 14213 56 22 29 1143 285 20 7320 4026 262 22 26 1001 443
internal_value=0 4434.68 -959.744 4028.97 27560.3 -3.73897 -2283.18 7333.58 2953.05 22982.8 46251.4 28858.9 727.356 32068.1 9522.84 -1744.45 -586.251 18575.8 4058.36 6117.32 4101.42 12064.9 21035.7 -3108.26 2336.32 8359.67 19240.8 5851.42 6500.74 1229.6
internal_weight=0 17690 81740 17385 305 47458 34282 4270 13115 245 60 105 21045 84 1525 20740 26413 140 4697 2745 4675 305 98 13542 8418 291 78 2454 1027 8174
internal_count=99430 17690 81740 17385 305 47458 34282 4270 13115 245 60 105 21045 84 1525 20740 26413 140 4697 2745 4675 305 98 13542 8418 291 78 2454 1027 8174
is_linear=0
shrinkage=0.1


Tree=4
num_leaves=31
num_cat=0
split_feature=39 39 39 39 4 39 39 12 39 11 39 33 39 11 39 1 38 39 40 39 1 19 32 12 26 26 40 26 40 12
split_gain=3.43026e+13 1.36154e+13 8.01007e+12 5.3292e+12 2.89429e+12 1.64923e+12 1.05555e+12 9.45362e+11 8.25893e+11 6.51324e+11 2.36991e+11 2.34031e+11 2.30053e+11 2.27255e+11 2.12235e+11 2.06018e+11 1.71146e+11 1.57354e+11 1.47781e+11 1.42617e+11 1.22829e+11 1.1497e+11 1.16609e+11 1.11363e+11 1.07933e+11 9.53928e+10 9.07706e+10 8.76431e+10 7.90081e+10 8.51783e+10
threshold=76895.604395604416 252285.71428571432 38445.054945054952 126521.97802197804 55.950833515000006 56357.142857142862 20576.923076923082 175500.00000000003 98329.670329670349 373000.00000000006 149879.12087912092 408000.00000000006 45978.021978021985 206500.00000000003 64796.703296703301 422500.00000000006 1045500.0000000001 29582.417582417587 150483.33333333337 115593.4065934066 225500.00000000003 78500.000000000015 247500.00000000003 82500.000000000015 292500.00000000006 78500.000000000015 115150.00000000001 166500.00000000003 129616.66666666667 132500.00000000003
decision_type=2 2 2 2 2 2 2 10 2 10 2 8 2 10 2 2 8 2 10 2 2 8 10 10 10 8 8 8 8 8
left_child=2 3 6 8 9 12 -1 10 23 20 21 -11 -4 27 -7 -13 -6 -8 19 -10 -3 25 26 -2 -22 -5 -23 -9 -12 -30
right_child=1 4 5 7 16 14 17 13 18 11 28 15 -14 -15 -16 -17 -18 -19 -20 -21 24 22 -24 -25 -26 -27 -28 -29 29 -31
leaf_value=-2860.976758784951 1603.9783590095933 23013.92513950893 -909.03947864026509 -2875.5189831149196 38343.049797453707 301.76488623198748 -2010.4716218411211 6325.7513895768388 3244.6648260418838 17300.596279761907 12293.119794170674 37356.619371448869 -337.53010260777029 11158.454431935303 955.76327849580252 25708.068742028063 49007.231066176471 -1434.3284493166714 -4581.7712713068186 4362.3934762134786 13076.436331396988 8695.7107874253215 12603.993247767858 2308.3811728309402 19624.127454151829 3759.3025600857204 4972.963533967797 8685.9034307426718 4885.9546004508311 7147.3544752239368
leaf_weight=12261 3947 21 12078 31 27 10675 8174 208 3294 21 26 22 16897 343 9272 49 34 11285 22 1747 97 68 21 5203 34 72 1779 646 206 870
leaf_count=12261 3947 21 12078 31 27 10675 8174 208 3294 21 26 22 16897 343 9272 49 34 11285 22 1747 97 68 21 5203 34 72 1779 646 206 870
internal_value=0 3848.09 -896.529 3502.28 24804.2 -94.0159 -2134.25 6600.22 2571.56 19933.5 5671.57 26574.5 -575.759 8984.29 605.764 29317.5 44287 -1676.34 3596.33 3632.02 15914 5014.93 5194.27 2004.53 14775.8 1762.41 5110.02 8111.07 6846.03 6714.41
internal_weight=0 18788 80642 18483 305 48922 31720 4270 14213 244 3073 92 28975 1197 19947 71 61 19459 5063 5041 152 1971 1868 9150 131 103 1847 854 1102 1076
internal_count=99430 18788 80642 18483 305 48922 31720 4270 14213 244 3073 92 28975 1197 19947 71 61 19459 5063 5041 152 1971 1868 9150 131 103 1847 854 1102 1076
is_linear=0
shrinkage=0.1


Tree=5
num_leaves=31
num_cat=0
split_feature=39 39 39 39 12 39 39 39 12 12 10 39 31 39 39 39 1 12 12 11 38 39 26 1 39 12 41 33 7 13
split_gain=2.78702e+13 1.02534e+13 8.085e+12 3.05848e+12 2.08895e+12 1.4929e+12 1.47138e+12 6.15362e+11 4.44012e+11 4.32992e+11 2.86439e+11 2.57298e+11 2.1857e+11 1.83607e+11 1.77157e+11 1.71467e+11 1.70183e+11 1.38094e+11 1.36354e+11 1.61882e+11 1.28691e+11 1.03616e+11 1.03616e+11 9.12985e+10 8.8961e+10 7.9024e+10 7.33223e+10 6.6954e+10 5.95655e+10 5.88226e+10
threshold=86967.032967032981 252285.71428571432 44659.340659340676 141604.39560439563 590500.00000000012 61923.076923076929 26681.318681318684 108791.20879120882 343500.00000000006 189500.00000000003 459500.00000000006 73714.285714285725 408000.00000000006 36390.109890109896 53780.219780219784 16978.021978021981 225500.00000000003 120500.00000000001 44500.000000000007 236500.00000000003 1045500.0000000001 200807.69230769234 92500.000000000015 82500.000000000015 158895.60439560443 96500.000000000015 53357.142857142862 243500.00000000003 29500.000000000004 110500.00000000001
decision_type=2 2 2 2 8 2 2 2 10 10 10 2 8 2 2 2 2 8 8 10 8 2 10 2 2 10 8 8 10 8
left_child=2 3 6 7 8 14 15 25 16 18 -6 -7 -10 -8 -4 -1 -3 26 22 24 -12 23 -5 -11 -20 -2 -9 -18 -14 -25
right_child=1 4 5 9 10 11 13 17 12 21 20 -13 28 -15 -16 -17 27 -19 19 -21 -22 -23 -24 29 -26 -27 -28 -29 -30 -31
leaf_value=-2676.2129818780336 2039.6917728557655 22015.015610351562 -435.05332654538711 -1982.9700010557435 26722.642926635745 665.62278565355427 -1475.3153501812333 -2736.8503515625002 14947.093140490302 14272.025022749467 34612.421577380956 1439.2772817066136 23272.935489004631 -928.59630304003463 89.225727449885454 -2023.8757780321066 7043.9780806107956 4415.9140556786433 5395.9299228895197 12972.507516659009 44626.357339015151 10447.732881016886 5500.921129381335 4011.5390454101566 6786.8608712067726 2754.2918985377391 3349.4641193209 13256.769190644054 29260.390820312503 8008.897135839421
leaf_weight=9699 3334 20 15250 37 20 11102 11651 20 29 22 21 7015 54 12993 11163 6893 22 2453 1042 34 33 248 37 40 823 2888 1919 82 24 462
leaf_count=9699 3334 20 15250 37 20 11102 11651 20 29 22 21 7015 54 12993 11163 6893 22 2453 1042 34 33 248 37 40 823 2888 1919 82 24 462
internal_value=0 4194.49 -668.255 3780.58 22323.8 266.062 -1677.21 3011.1 17639.7 6755.91 36945.7 965.186 22359.4 -1187.07 -213.476 -2405.21 13567.1 3917.38 5970.29 6134.39 40732 8763.72 1758.98 7966.71 6009.73 2371.38 3286.69 11942.5 25115.2 7690.38
internal_weight=0 13664 85766 13359 305 44530 41236 10614 231 2745 74 18117 107 24644 26413 16592 124 4392 1973 1899 54 772 74 524 1865 6222 1939 104 78 502
internal_count=99430 13664 85766 13359 305 44530 41236 10614 231 2745 74 18117 107 24644 26413 16592 124 4392 1973 1899 54 772 74 524 1865 6222 1939 104 78 502
is_linear=0
shrinkage=0.1


Tree=6
num_leaves=31
num_cat=0
split_feature=42 42 42 12 1 12 41 41 41 12 11 12 33 9 41 19 11 41 12 41 15 11 1 19 19 12 41 21 7 8
split_gain=1.9897e+13 7.08234e+12 5.41564e+12 3.13744e+12 1.33311e+12 1.16294e+12 7.47734e+11 7.29876e+11 5.49014e+11 4.87967e+11 4.98433e+11 4.28848e+11 3.6855e+11 2.88708e+11 2.23171e+11 2.19146e+11 2.10298e+11 2.05666e+11 1.9798e+11 1.54563e+11 1.53213e+11 1.29359e+11 1.27737e+11 1.08825e+11 1.08687e+11 1.02002e+11 9.76257e+10 9.50385e+10 8.99114e+10 8.61952e+10
threshold=86500.000000000015 339833.33333333337 40833.333333333336 137500.00000000003 63500.000000000007 590500.00000000012 29642.857142857149 196642.85714285716 54500.000000000007 99500.000000000015 245500.00000000003 77500.000000000015 338000.00000000006 159500.00000000003 1.0000000180025095e-35 120500.00000000001 163500.00000000003 17642.857142857149 248500.00000000003 62357.142857142862 774000.00000000012 118500.00000000001 164500.00000000003 76500.000000000015 73500.000000000015 47500.000000000007 64357.142857142862 310000.00000000006 62500.000000000007 -335499.99999999994
decision_type=10 10 8 10 2 10 10 10 10 8 10 8 8 10 8 10 10 8 10 10 8 10 2 8 10 10 8 10 10 10
left_child=2 3 6 9 8 12 14 16 25 15 21 26 -3 -13 -1 23 -5 -16 -9 -8 -7 -11 -15 -2 -10 -4 -6 -20 -14 -17
right_child=1 5 4 7 11 20 19 18 24 10 -12 13 28 22 17 29 -18 -19 27 -21 -22 -23 -24 -25 -26 -27 -28 -29 -30 -31
leaf_value=957.74504356093075 611.44533751376673 9185.4801148414608 -735.74252192841914 4608.9179014420724 12.033310146695486 30117.388742897732 -1008.1584301698921 8045.9784862063934 152.08612124380309 2618.7132539699564 18822.683398437501 1293.0700319989369 19980.320139415227 2892.3773820108445 -2331.5853080999082 7143.676586726262 6362.0294751619422 -1690.0151994302223 11083.101671549479 2470.479188856968 41184.187405711215 3667.8155830104379 9067.3605410447763 1750.0229699345427 1019.686594046431 -306.2615865570163 629.48296352625857 17294.175352822582 27620.693447265625 3218.079661746513
leaf_weight=262 1082 32 14340 1927 4379 22 12954 361 9279 3193 20 6863 67 67 9110 65 1061 11066 120 129 29 1860 67 3745 1710 9001 6167 31 20 401
leaf_count=262 1082 32 14340 1927 4379 22 12954 361 9279 3193 20 6863 67 67 9110 65 1061 11066 120 129 29 1860 67 3745 1710 9001 6167 31 20 401
internal_value=0 3489.21 -573.512 3240.48 66.6632 23776.2 -1564.17 5829.2 -295.728 2366.42 3067.25 775.828 18361.6 1382.83 -1942.05 1694.73 5231.43 -1979.7 9317.75 -973.859 36410.3 3004.89 5979.87 1494.8 287.094 -570.122 373.1 12358.2 21736.7 3765.64
internal_weight=0 14036 85394 13866 51873 170 33521 3500 34330 10366 5073 17543 119 6997 20438 5293 2988 20176 512 13083 51 5053 134 4827 10989 23341 10546 151 87 466
internal_count=99430 14036 85394 13866 51873 170 33521 3500 34330 10366 5073 17543 119 6997 20438 5293 2988 20176 512 13083 51 5053 134 4827 10989 23341 10546 151 87 466
is_linear=0
shrinkage=0.1


Tree=7
num_leaves=31
num_cat=0
split_feature=39 39 39 39 4 39 39 39 39 11 13 26 12 39 39 39 40 39 19 32 12 1 12 26 12 3 17 19 11 42
split_gain=1.86164e+13 7.1505e+12 4.93312e+12 2.42769e+12 1.58281e+12 8.77798e+11 8.6606e+11 4.15346e+11 3.92963e+11 3.75794e+11 2.7639e+11 1.34804e+11 1.3092e+11 1.25052e+11 1.18298e+11 1.14667e+11 1.09979e+11 1.02836e+11 1.00096e+11 9.25207e+10 9.18101e+10 8.7762e+10 8.04322e+10 7.65771e+10 6.85193e+10 7.67935e+10 5.93428e+10 5.89455e+10 5.66378e+10 5.50485e+10
threshold=82285.714285714304 252285.71428571432 43285.71428571429 131434.06593406596 55.950833515000006 61302.197802197807 25016.48351648352 171978.02197802201 102758.24175824177 373000.00000000006 505500.00000000006 856500.00000000012 210500.00000000003 51521.97802197803 72186.813186813204 35324.175824175829 150483.33333333337 11302.197802197805 122500.00000000001 247500.00000000003 189500.00000000003 225500.00000000003 139500.00000000003 292500.00000000006 259500.00000000003 37.646657880000014 201500.00000000003 99500.000000000015 57500.000000000007 75833.333333333358
decision_type=2 2 2 2 2 2 2 2 2 10 8 8 10 2 2 2 10 2 10 10 10 2 10 10 10 2 10 10 8 8
left_child=2 3 6 8 9 13 17 19 27 21 -11 -6 -9 -4 -7 -8 18 -1 28 22 -20 -3 26 24 25 -23 -5 -2 -10 -30
right_child=1 4 5 7 11 14 15 12 16 10 -12 -13 -14 -15 -16 -17 -18 -19 20 -21 -22 23 -24 -25 -26 -27 -28 -29 29 -31
leaf_value=-2421.1072528649743 1532.6695452401627 17650.908277529765 -440.76415998383709 3773.8102501516451 27436.990993923613 481.21191177035053 -1262.933360388146 5971.5690528715331 644.58976413892663 16490.745421645221 28973.062939453128 36901.442922794122 8303.5824582741479 -17.167361393594582 1027.5374788369302 -819.84984387423174 -1651.1368661556605 -1845.6955121023323 3455.1493820027072 9601.584716796875 7056.4566282552087 2093.8342796688989 4778.5129567726372 14771.131596105241 12054.460878057065 9978.3868619791683 100.62961356121561 2188.4918958950147 6075.55798441569 2662.0667682622275
leaf_weight=4331 5494 21 13908 1003 27 10736 11651 890 138 68 24 34 330 13969 6283 11712 53 10980 1261 33 75 21 1358 34 46 30 46 1826 48 3000
leaf_count=4331 5494 21 13908 1003 27 10736 11651 890 138 68 24 34 330 13969 6283 11712 53 10980 1261 33 75 21 1358 34 46 30 46 1826 48 3000
internal_value=0 3140.97 -596.096 2843.64 18304.5 116.989 -1423.9 5095.82 2150.66 14702.6 19747 32712.3 6602.36 -228.502 682.902 -1040.81 2877.69 -2008.46 2930.77 4342.55 3657.32 11649.4 4270.45 10687.4 9255.95 6731.81 3612.74 1696.27 2626.11 2715.82
internal_weight=0 15860 83570 15555 305 44896 38674 3660 11895 244 92 61 1220 27877 17019 23363 4575 15311 4522 2440 1336 152 2407 131 97 51 1049 7320 3186 3048
internal_count=99430 15860 83570 15555 305 44896 38674 3660 11895 244 92 61 1220 27877 17019 23363 4575 15311 4522 2440 1336 152 2407 131 97 51 1049 7320 3186 3048
is_linear=0
shrinkage=0.1


Tree=8
num_leaves=31
num_cat=0
split_feature=42 42 42 42 41 4 41 41 42 13 9 11 41 13 26 41 11 7 41 17 41 16 26 11 9 4 26 20 25 13
split_gain=1.30907e+13 4.50525e+12 3.79864e+12 1.67013e+12 9.64234e+11 8.20794e+11 5.96932e+11 4.67055e+11 4.14508e+11 3.18061e+11 2.62153e+11 2.30771e+11 1.78103e+11 1.63201e+11 1.55798e+11 1.51575e+11 1.76024e+11 1.40515e+11 1.30286e+11 1.2941e+11 1.08334e+11 1.06217e+11 9.81644e+10 9.66204e+10 1.24082e+11 9.23503e+10 8.61416e+10 8.10672e+10 7.74687e+10 7.37643e+10
threshold=90500.000000000015 339833.33333333337 42833.333333333336 149166.66666666672 65928.571428571435 55.950833515000006 31357.142857142859 115357.14285714287 220833.33333333334 315500.00000000006 143500.00000000003 324500.00000000006 51357.142857142862 222500.00000000003 159500.00000000003 1.0000000180025095e-35 20500.000000000004 88500.000000000015 85928.571428571435 860000.00000000012 48785.714285714297 141500.00000000003 175500.00000000003 54500.000000000007 31500.000000000004 55.879486880000009 38500.000000000007 31500.000000000004 453000.00000000006 155500.00000000003
decision_type=10 10 8 10 10 2 10 10 10 8 10 10 8 10 8 8 10 10 10 8 10 8 10 10 8 2 10 10 8 10
left_child=2 3 6 7 10 13 15 -2 14 21 12 -11 -4 -3 26 -1 -17 25 -6 -7 -8 -10 -9 24 -14 -12 -5 -28 -15 -16
right_child=1 5 4 8 18 19 20 22 9 11 17 -13 23 28 29 16 -18 -19 -20 -21 -22 -23 -24 -25 -26 -27 27 -29 -30 -31
leaf_value=855.72824149095379 1747.2269951088133 7740.9242120150857 -467.27875685568438 -582.0717467381404 718.86571867245243 32966.275508996208 -770.15727621496171 3099.8727678216001 991.43525300202555 10462.614802839949 4265.157322242374 23795.122251739504 -1377.1757312667753 12598.348827362061 4076.7763409646141 -1806.0072952588644 -1233.1475497493848 509.70451187720664 1571.9290448389556 23427.961580078128 484.5732812194824 7582.3766480906124 5489.5502220612407 188.72720338784256 -117.8199531525283 11529.562839471728 9615.7965875799018 3437.1629968520278 18875.204488357846 5599.1881641423597
leaf_weight=262 6723 29 12278 52 11283 33 13526 2834 27 37 105 20 843 32 453 12688 9292 104 2128 25 725 259 183 12836 10878 21 22 611 51 1070
leaf_count=262 6723 29 12278 52 11283 33 13526 2834 27 37 105 20 843 32 453 12688 9292 104 2128 25 725 259 183 12836 10878 21 22 611 51 1070
internal_value=0 3031.3 -434.327 2807.68 127.618 19199.2 -1211.59 2211.11 5085.43 8319.6 -135.286 15140.7 -156.301 14198.8 4583.02 -1535.33 -1563.83 3230.31 854.226 28854.9 -706.325 6960.15 3244.82 -0.818594 -208.396 5475.89 3330.49 3651.9 16455.2 5146.36
internal_weight=0 12461 86969 12291 50476 170 36493 9740 2551 343 37065 57 36835 112 2208 22242 21980 230 13411 58 14251 286 3017 24557 11721 126 685 633 83 1523
internal_count=99430 12461 86969 12291 50476 170 36493 9740 2551 343 37065 57 36835 112 2208 22242 21980 230 13411 58 14251 286 3017 24557 11721 126 685 633 83 1523
is_linear=0
shrinkage=0.1


Tree=9
num_leaves=31
num_cat=0
split_feature=39 39 39 39 12 39 39 12 39 12 9 1 9 40 39 39 18 8 28 20 8 12 17 40 39 13 12 12 39 39
split_gain=1.25165e+13 4.99654e+12 2.89248e+12 2.02392e+12 1.07323e+12 5.9059e+11 3.82626e+11 3.80346e+11 3.04037e+11 1.85608e+11 1.47551e+11 1.32125e+11 1.26786e+11 1.21523e+11 9.82443e+10 9.80519e+10 9.61803e+10 7.62561e+10 8.41952e+10 1.06873e+11 7.54056e+10 7.09969e+10 6.93153e+10 6.34367e+10 6.21091e+10 5.73556e+10 5.58595e+10 5.37162e+10 5.27901e+10 5.01013e+10
threshold=76483.516483516505 252285.71428571432 37868.131868131873 126521.97802197804 590500.00000000012 54247.252747252758 20236.26373626374 178500.00000000003 96813.186813186825 343500.00000000006 575500.00000000012 225500.00000000003 846500.00000000012 150483.33333333337 149879.12087912092 66554.94505494507 219500.00000000003 92500.000000000015 57500.000000000007 114500.00000000001 -67499.999999999985 109500.00000000001 356500.00000000006 126983.33333333336 45978.021978021985 94500.000000000015 151500.00000000003 75500.000000000015 125153.84615384617 29296.703296703301
decision_type=2 2 2 2 8 2 2 10 2 10 10 2 10 10 2 2 10 10 8 10 10 8 8 8 2 8 8 10 2 2
left_child=2 3 6 8 9 24 -1 14 27 11 -6 -3 -12 21 17 -7 -9 18 19 -5 -13 -10 -11 -16 -4 -19 -25 -2 -23 -8
right_child=1 4 5 7 10 15 29 16 13 22 12 20 -14 -15 23 -17 -18 25 -20 -21 -22 28 -24 26 -26 -27 -28 -29 -30 -31
leaf_value=-1754.9213419764515 820.34416801965165 16442.724355468752 -550.03029992729262 12849.784101562502 19907.889062500002 156.85035558568711 -1217.7857128042974 5117.9370809415495 1760.3086394246011 9819.6814028532608 34020.103157552083 2651.4977518717451 23380.461071777347 -5294.6590731534088 9151.361120117188 600.8549191687589 7428.9930541449648 -4478.7486791992187 3038.5942332716982 3585.743902217981 9042.4833972167962 2360.570933396923 16015.558310081846 3148.5041058840202 -244.94061136339593 1516.0815411145177 4599.020242211127 1341.6133990707046 3914.613653320826 -890.01168296957667
leaf_weight=11834 2873 20 12932 20 29 15250 8174 902 2489 23 24 24 21 22 25 7381 225 20 1830 33 80 2680 84 423 13786 79 713 6338 238 10858
leaf_count=11834 2873 20 12932 20 29 15250 8174 902 2489 23 24 24 21 22 25 7381 225 20 1830 33 80 2680 84 423 13786 79 713 6338 238 10858
internal_value=0 2292.4 -549.131 2087.61 14989.7 -74.2237 -1308.42 4003.22 1528.89 11632.2 25470.3 8999.11 29054.9 2122.48 3438.07 301.66 5579.33 3010.17 3152.39 7081.61 7567.64 2152.66 14683.7 4168.56 -392.61 305.005 4058.91 1179.02 2487.32 -1030.79
internal_weight=0 19215 80215 18910 305 49349 30866 4270 14640 231 74 124 45 5429 3143 22631 1127 1982 1883 53 104 5407 107 1161 26718 99 1136 9211 2918 19032
internal_count=99430 19215 80215 18910 305 49349 30866 4270 14640 231 74 124 45 5429 3143 22631 1127 1982 1883 53 104 5407 107 1161 26718 99 1136 9211 2918 19032
is_linear=0
shrinkage=0.1


Tree=10
num_leaves=31
num_cat=0
split_feature=39 39 39 39 12 39 39 39 7 16 31 12 39 12 27 39 39 26 40 12 16 39 15 13 29 12 40 26 37 26
split_gain=1.01588e+13 3.79378e+12 2.85577e+12 1.20904e+12 8.69316e+11 5.96519e+11 4.4927e+11 2.8473e+11 1.90331e+11 1.94822e+11 1.73622e+11 1.63243e+11 1.41441e+11 1.27522e+11 1.16166e+11 9.26361e+10 9.20012e+10 8.38405e+10 7.67715e+10 8.37239e+10 7.55224e+10 7.27343e+10 5.96672e+10 5.789e+10 5.44761e+10 5.42981e+10 5.3726e+10 4.90216e+10 4.87264e+10 4.8578e+10
threshold=85637.362637362647 252285.71428571432 42313.186813186818 145791.20879120883 590500.00000000012 61302.197802197807 20236.26373626374 111313.18681318683 -47499.999999999993 474500.00000000006 303000.00000000006 44500.000000000007 200807.69230769234 343500.00000000006 21500.000000000004 73714.285714285725 31840.659340659342 92500.000000000015 157100.00000000003 122500.00000000001 243500.00000000003 52648.351648351658 1.0000000180025095e-35 210500.00000000003 37500.000000000007 175500.00000000003 126983.33333333336 238500.00000000003 37500.000000000007 160500.00000000003
decision_type=2 2 2 2 8 2 2 2 8 10 8 8 2 10 8 2 2 10 10 8 10 2 8 8 8 10 8 10 8 10
left_child=2 3 6 7 10 21 -1 -2 -6 -10 -3 17 14 23 -13 -7 -8 -5 19 -9 22 -4 -16 -12 28 26 -24 -25 -17 -21
right_child=1 4 5 11 8 15 16 18 9 -11 13 12 -14 -15 20 24 -18 -19 -20 29 -22 -23 25 27 -26 -27 -28 -29 -30 -31
leaf_value=-1579.4291888699413 1413.6328696750227 6134.2536782004618 -316.45127188287773 -4384.2572250366211 29814.099023437502 381.29972318936962 -1054.9253208732623 1978.4860370067927 11966.839781697592 24809.282624421296 13812.718242187502 11310.654230291193 6415.4265376749272 14771.916483058287 8441.8518042779742 5047.0995598288146 -671.11178027050778 2974.2066601562501 -1057.030913125315 2730.2122066702814 -411.34498403448811 4.4211073660390232 7168.6151033727137 5339.8665483262812 793.11117956996804 4684.4349718452286 3486.7498809596104 11514.646875 1594.6286356324133 4275.8415160042896
leaf_weight=11834 7320 66 17141 32 26 12200 10858 1840 21 27 20 22 297 89 31 51 14701 30 62 2205 38 12017 41 36 6026 761 1188 20 206 224
leaf_count=11834 7320 66 17141 32 26 12200 10858 1840 21 27 20 22 297 89 31 51 14701 30 62 2205 38 12017 41 36 6026 761 1188 20 206 224
internal_value=0 2456.62 -415.898 2217.79 13490.7 97.5185 -1070.02 1793.89 22923.3 19190.7 10469 4241.9 4373.97 12202.9 4082.62 541.96 -834.164 -823.71 2436.57 2487.31 4005.39 -184.209 4088.43 9194.51 853.921 4020.62 3609.58 7545.15 2279.75 2872.75
internal_weight=0 14396 85034 14091 305 47641 37393 11651 74 48 231 2440 2378 165 2081 18483 25559 62 4331 4269 2059 29158 2021 76 6283 1990 1229 56 257 2429
internal_count=99430 14396 85034 14091 305 47641 37393 11651 74 48 231 2440 2378 165 2081 18483 25559 62 4331 4269 2059 29158 2021 76 6283 1990 1229 56 257 2429
is_linear=0
shrinkage=0.1


Tree=11
num_leaves=31
num_cat=0
split_feature=42 42 11 13 19 19 19 19 7 41 7 9 33 24 19 11 41 9 38 41 42 41 19 2 42 33 19 14 26 19
split_gain=6.97589e+12 2.42631e+12 2.053e+12 9.58982e+11 8.2329e+11 5.54537e+11 3.76601e+11 2.21173e+11 2.64348e+11 2.03536e+11 1.95617e+11 1.63156e+11 1.62269e+11 1.60321e+11 1.50864e+11 1.40559e+11 1.05895e+11 1.04155e+11 9.69149e+10 9.05599e+10 8.7749e+10 8.75198e+10 7.32868e+10 7.2793e+10 7.10577e+10 7.28394e+10 7.03427e+10 6.74719e+10 5.84465e+10 5.5891e+10
threshold=90500.000000000015 248333.33333333334 43500.000000000007 484500.00000000006 140500.00000000003 65500.000000000007 24500.000000000004 694500.00000000012 -46499.999999999993 110642.85714285716 132500.00000000003 131500.00000000003 119500.00000000001 485500.00000000006 56500.000000000007 185500.00000000003 1.0000000180025095e-35 52500.000000000007 83500.000000000015 75357.142857142884 29166.666666666668 186642.85714285716 87500.000000000015 724000.00000000012 164166.66666666672 82500.000000000015 240500.00000000003 227500.00000000003 60500.000000000007 174500.00000000003
decision_type=10 10 8 8 10 10 8 8 10 8 10 10 8 10 10 10 10 8 8 10 10 10 10 2 10 8 10 10 8 10
left_child=2 4 6 12 9 11 16 -5 -9 22 -10 17 -3 21 20 -6 -1 -4 -17 -7 -8 -14 -2 -13 -11 -26 -16 -27 -19 -20
right_child=1 3 5 7 15 19 14 8 10 24 -12 23 13 -15 26 18 -18 28 29 -21 -22 -23 -24 -25 25 27 -28 -29 -30 -31
leaf_value=1058.3638090643478 649.64640187445639 -1260.3781627836681 -298.20380812136654 12704.562300728463 3070.1513652825465 455.34903970220142 -1005.2802398747885 31598.159486607143 11060.352432105656 1911.4993768421564 24879.142919921876 1619.4670586766424 1299.7484354654948 15314.336838942307 73.780417518392113 11551.376586914062 -1331.9579966134206 -204.32756883260623 2891.1421508469266 992.03998936898142 -581.48295380924947 7748.3691056457874 1419.4382450180983 6203.0018914794928 -1855.4356684758113 3217.3575022622094 5631.5864708941917 7938.0044512662025 168.34309197494258 4979.0327313851622
leaf_weight=188 2055 21 16365 37 1991 8062 7191 21 21 3803 20 259 24 26 2303 20 13082 6272 167 5154 15240 171 3106 40 26 367 23 33 12790 552
leaf_count=188 2055 21 16365 37 1991 8062 7191 21 21 3803 20 259 24 26 2303 20 13082 6272 167 5154 15240 171 3106 40 26 367 23 33 12790 552
internal_value=0 2212.82 -317.056 10531.8 1978.77 111.214 -868.252 18823 22474.4 1534.37 17801.2 -93.5167 7139.96 7938.18 -637.853 3507.31 -1298.09 -113.149 4685.08 664.649 -717.345 6954.69 1112.92 2232.65 2048.69 3273.43 128.737 3606.81 45.7227 4494.08
internal_weight=0 12461 86969 341 12120 48942 38027 99 62 9390 41 35726 242 221 24757 2730 13270 35427 739 13216 22431 195 5161 299 4229 426 2326 400 19062 719
internal_count=99430 12461 86969 341 12120 48942 38027 99 62 9390 41 35726 242 221 24757 2730 13270 35427 739 13216 22431 195 5161 299 4229 426 2326 400 19062 719
is_linear=0
shrinkage=0.1


Tree=12
num_leaves=31
num_cat=0
split_feature=11 10 41 12 12 12 1 15 11 12 11 11 12 12 1 1 13 9 41 13 33 8 7 33 40 3 11 12 13 11
split_gain=5.58162e+12 2.25883e+12 1.29607e+12 1.19132e+12 7.40128e+11 3.77129e+11 3.0156e+11 2.85618e+11 2.6668e+11 2.53877e+11 1.70055e+11 1.51973e+11 1.49524e+11 1.2214e+11 1.1435e+11 1.12161e+11 9.38138e+10 8.94493e+10 8.65852e+10 8.38519e+10 7.53314e+10 7.27579e+10 6.50071e+10 6.46128e+10 6.07518e+10 6.31964e+10 5.98995e+10 5.76208e+10 5.61881e+10 5.38797e+10
threshold=78500.000000000015 283500.00000000006 40785.714285714297 130500.00000000001 694500.00000000012 60500.000000000007 156500.00000000003 853000.00000000012 173500.00000000003 85500.000000000015 23500.000000000004 339000.00000000006 306000.00000000006 233500.00000000003 38500.000000000007 342000.00000000006 15500.000000000002 14500.000000000002 1.0000000180025095e-35 31500.000000000004 338000.00000000006 -118499.99999999999 102500.00000000001 71500.000000000015 57450.000000000007 38.031252170000009 55500.000000000007 243500.00000000003 53500.000000000007 111500.00000000001
decision_type=10 10 8 10 8 10 2 8 10 8 10 10 10 10 2 2 10 10 10 10 8 8 10 8 10 2 8 10 8 10
left_child=2 3 10 9 11 6 14 -6 16 28 18 -3 23 -10 19 -8 -5 21 -1 -4 -13 -11 -15 -7 -20 -26 -16 -18 -2 -19
right_child=1 4 5 8 7 12 15 -9 13 17 -12 20 -14 22 26 -17 27 29 24 -21 -22 -23 -24 -25 25 -27 -28 -29 -30 -31
leaf_value=673.02675814155407 -100.19646779437198 4550.3720908513151 -979.18921829116846 773.08031770724233 15404.913762555805 87.320640056652735 2686.2654164050873 30444.460282566237 3674.2801486976405 8044.0680339944774 -654.9558513954214 5405.9396251860126 7400.3161291503902 5628.7280890213815 -295.93362389933276 10523.445620117189 2543.929571497591 1145.2548306208121 -1175.0390970905648 -281.9190575078448 12102.216095842634 2664.6128935637298 11024.395265625 496.88720797376703 4384.257055664063 -2529.671823730469 8.9659249288090468 6750.5621911251192 678.39493953857709 1705.2767682948861
leaf_weight=262 1111 63 3429 317 28 6398 210 23 1030 29 16037 21 30 209 15822 20 2453 5304 14091 3470 84 189 25 9679 39 20 10870 33 5593 2541
leaf_count=262 1111 63 3429 317 28 6398 210 23 1030 29 16037 21 30 209 15822 20 2453 5304 14091 3470 84 189 25 9679 39 20 10870 33 5593 2541
internal_value=0 1538.88 -364.785 1421.47 11636.3 -51.1949 -240.86 22187.5 2936.96 1004.09 -878.987 8433.24 347.058 4142.82 -265.568 3367.76 2393.18 1382.17 -1128.28 -628.482 10763 3380.23 6205.19 333.896 -1161.63 2040.55 -171.767 2599.77 549.365 1326.65
internal_weight=0 19053 80377 18834 219 49928 33821 51 4067 14767 30449 168 16107 1264 33591 230 2803 8063 14412 6899 105 218 234 16077 14150 59 26692 2486 6704 7845
internal_count=99430 19053 80377 18834 219 49928 33821 51 4067 14767 30449 168 16107 1264 33591 230 2803 8063 14412 6899 105 218 234 16077 14150 59 26692 2486 6704 7845
is_linear=0
shrinkage=0.1


Tree=13
num_leaves=31
num_cat=0
split_feature=39 39 39 39 9 39 39 11 13 19 5 19 33 39 40 40 19 20 9 42 19 0 33 11 13 13 26 19 40 39
split_gain=5.67663e+12 2.0443e+12 1.71787e+12 6.18064e+11 4.16833e+11 3.26109e+11 3.10799e+11 1.60837e+11 1.76923e+11 1.21729e+11 1.1936e+11 1.09875e+11 9.3284e+10 8.22992e+10 6.83779e+10 6.80488e+10 6.36733e+10 6.03365e+10 5.90555e+10 5.34675e+10 5.22612e+10 4.89155e+10 4.86132e+10 4.79602e+10 9.22296e+10 4.48347e+10 3.97531e+10 3.92723e+10 4.00272e+10 3.81055e+10
threshold=89252.747252747271 252285.71428571432 45186.813186813197 145791.20879120883 641500.00000000012 28780.219780219784 66554.94505494507 373000.00000000006 573500.00000000012 119500.00000000001 14.500000000000002 205500.00000000003 25500.000000000004 11692.307692307693 157100.00000000003 129616.66666666667 57500.000000000007 81500.000000000015 223500.00000000003 14833.333333333334 73500.000000000015 677511.00000000012 81500.000000000015 173500.00000000003 62500.000000000007 505500.00000000006 188500.00000000003 33500.000000000007 11283.333333333334 120565.93406593408
decision_type=2 2 2 2 10 2 2 10 8 10 2 10 8 2 10 8 10 8 8 8 10 2 8 10 10 8 8 8 8 2
left_child=2 3 5 9 7 13 16 18 -9 22 -6 12 -5 -1 23 -14 -4 -13 -3 -8 -21 -16 -2 -11 -25 -20 -19 28 -7 -24
right_child=1 4 6 11 10 27 19 8 -10 14 -12 17 15 -15 21 -17 -18 26 25 20 -22 -23 29 24 -26 -27 -28 -29 -30 -31
leaf_value=-1413.2207369755879 293.44933442980994 11139.101447088069 -138.33343426994264 -2639.7243729654947 23797.067102581525 3055.9074480329241 3026.0623552189318 9401.4533161477484 19651.490257626487 1955.6550313953712 13815.111824218751 9199.0979527064737 6822.9247026909725 -933.49339713931715 -5397.2106347656254 2890.17810155912 165.54921260866104 2181.9545984979886 6402.034320644163 342.87300225962224 736.3734041041406 685.56973157051289 1174.5088928771077 9059.473027208116 2672.4302879278612 1531.4021372919497 4880.2622037829378 -418.41167854897907 -733.92483149735006 1803.1989182054328
leaf_weight=4758 539 22 19968 30 23 28 86 85 21 2484 25 28 45 14396 20 1975 10532 67 106 7302 6276 39 5782 27 139 23 295 17214 5938 1157
leaf_count=4758 539 22 19968 30 23 28 86 85 21 2484 25 28 45 14396 20 1975 10532 67 106 7302 6276 39 5782 27 139 23 295 17214 5938 1157
internal_value=0 1954.14 -292.157 1758.74 10044 -747.335 144.16 8446.31 11432.1 1416.33 18598.1 3188.27 2895.58 -1052.66 1990.67 2977.79 -33.3993 4726.78 6350.32 540.499 524.756 -1376.39 1208.28 2065.63 3711.29 5533.63 4380.85 -495.04 -716.138 1279.34
internal_weight=0 12932 86498 12627 305 42334 44164 257 106 10187 48 2440 2050 19154 2709 2020 30500 390 151 13664 13578 59 7478 2650 166 129 362 23180 5966 6939
internal_count=99430 12932 86498 12627 305 42334 44164 257 106 10187 48 2440 2050 19154 2709 2020 30500 390 151 13664 13578 59 7478 2650 166 129 362 23180 5966 6939
is_linear=0
shrinkage=0.1


Tree=14
num_leaves=31
num_cat=0
split_feature=39 39 39 39 12 39 19 39 19 31 1 9 12 40 40 12 19 19 26 19 25 18 17 39 24 5 8 9 40 5
split_gain=4.60951e+12 1.82012e+12 1.06745e+12 7.80085e+11 4.31225e+11 2.12087e+11 1.84881e+11 1.57611e+11 1.23491e+11 1.11375e+11 1.12312e+11 1.02639e+11 9.88178e+10 8.40936e+10 7.78471e+10 6.97742e+10 6.0861e+10 5.94741e+10 5.90986e+10 5.15786e+10 5.61223e+10 4.70178e+10 5.05542e+10 4.70043e+10 4.34488e+10 4.23983e+10 4.15399e+10 4.51528e+10 4.14928e+10 4.05372e+10
threshold=75956.04395604397 252285.71428571432 37868.131868131873 126521.97802197804 694500.00000000012 54752.747252747264 173500.00000000003 18461.538461538468 101500.00000000001 303000.00000000006 223500.00000000003 846500.00000000012 343500.00000000006 150483.33333333337 124350.00000000001 130500.00000000001 990500.00000000012 327500.00000000006 1.0000000180025095e-35 70500.000000000015 185500.00000000003 202500.00000000003 105500.00000000001 125153.84615384617 456500.00000000006 11.500000000000002 95500.000000000015 134500.00000000003 73550.000000000015 19.500000000000004
decision_type=2 2 2 2 8 2 10 2 10 8 2 8 10 10 8 8 8 10 8 8 10 10 10 2 8 2 10 10 8 2
left_child=2 3 7 8 9 -4 14 -1 19 -3 -11 16 24 -10 25 18 -6 -8 -16 20 21 26 -23 28 -12 -5 -2 -28 -21 -14
right_child=1 4 5 6 11 -7 17 -9 13 10 12 -13 29 -15 15 -17 -18 -19 -20 23 -22 22 -24 -25 -26 -27 27 -29 -30 -31
leaf_value=-1101.8772749372736 377.13441000128643 3673.0050398882699 -230.76232438745438 2776.8251967486212 15537.505732421874 188.60057974955998 3447.8657011026044 -629.85853766711398 1397.2329647234033 14508.126149338945 6538.6199371337898 11166.18974761963 11245.20981537441 -4801.1612393465912 -3612.0940878906254 2249.6899664919947 23338.854853515626 8820.1282921382353 1323.9524697482807 2555.345431700749 -3253.0376711018885 5703.4129146575933 445.10891098394626 3507.9151799128613 1046.939654296875 6440.3196349063164 -352.63877611243208 -4290.1478740985576 782.25318753065983 6859.9397732979915
leaf_weight=10980 1458 68 27511 68 20 21472 1101 19886 4296 26 34 24 53 22 25 2181 20 21 815 134 45 33 41 65 25 59 115 39 8758 35
leaf_count=10980 1458 68 27511 68 20 21472 1101 19886 4296 26 34 24 53 22 25 2181 20 21 815 134 45 33 41 65 25 59 115 39 8758 35
internal_value=0 1374.95 -337.172 1253.67 9039.58 -46.932 2446.23 -797.77 914.325 7101.89 8449.66 16336.2 7378.1 1365.65 2053.4 1951.44 19438.2 3548.42 1177.05 731.987 232.275 325.299 2790.03 828.559 4211.64 4478.76 212.154 -1349.8 808.973 9501.07
internal_weight=0 19581 79849 19276 305 48983 4270 30866 15006 241 173 64 147 4318 3148 3021 40 1122 840 10688 1731 1686 74 8957 59 127 1612 154 8892 88
internal_count=99430 19581 79849 19276 305 48983 4270 30866 15006 241 173 64 147 4318 3148 3021 40 1122 840 10688 1731 1686 74 8957 59 127 1612 154 8892 88
is_linear=0
shrinkage=0.1


Tree=15
num_leaves=31
num_cat=0
split_feature=39 39 39 39 9 39 39 13 13 5 32 9 39 29 36 13 39 39 23 41 24 41 40 19 40 19 19 32 40 13
split_gain=3.76046e+12 1.33814e+12 1.13833e+12 4.124e+11 3.06625e+11 2.32547e+11 1.94595e+11 1.24907e+11 9.90123e+10 9.09129e+10 8.88726e+10 9.01602e+10 8.27015e+10 6.66728e+10 6.66293e+10 8.14027e+10 6.66212e+10 6.27346e+10 6.25675e+10 6.20912e+10 5.98819e+10 5.63987e+10 5.20827e+10 5.14473e+10 4.90879e+10 4.75982e+10 4.72069e+10 5.25496e+10 4.53147e+10 4.43556e+10
threshold=89252.747252747271 252285.71428571432 45978.021978021985 145791.20879120883 641500.00000000012 28780.219780219784 61923.076923076929 29500.000000000004 294000.00000000006 14.500000000000002 247500.00000000003 157500.00000000003 111313.18681318683 279500.00000000006 52500.000000000007 85500.000000000015 187060.43956043958 10005.494505494507 532500.00000000012 61500.000000000007 255500.00000000003 35642.857142857152 157100.00000000003 162500.00000000003 126983.33333333336 83500.000000000015 78500.000000000015 149500.00000000003 106616.66666666667 95500.000000000015
decision_type=2 2 2 2 10 2 2 10 10 2 10 10 2 10 8 10 2 2 8 8 8 8 10 8 8 10 8 10 8 8
left_child=2 3 5 12 7 17 -4 -3 18 -6 13 -12 -2 16 15 -14 24 -1 -9 -16 -10 -8 26 -18 -5 -23 27 -21 -28 -26
right_child=1 4 6 10 9 -7 21 8 20 -11 11 -13 14 -15 19 -17 23 -19 -20 22 -22 25 -24 -25 29 -27 28 -29 -30 -31
leaf_value=-1273.2048696426018 907.67225176938121 12317.59397670201 -60.161599456885099 5443.0974162649609 20009.618410326089 -392.83918266546863 2738.2853478088382 4747.8875594075525 2822.8254192849868 11297.987438476564 11729.463412456513 3907.6924064636232 8256.3630745180199 -2544.0999994424674 -3760.9075067934787 2209.6230606272252 111.06360801138528 -778.59073426082728 -1594.1924665178572 -615.6933062164477 8400.4903259277344 278.02225024629792 -1427.7765999086441 3794.9366939521929 -194.54240883275082 678.07785010238626 3800.6932503346648 3973.0208588698815 1518.2440992828583 2275.6204148089937
leaf_weight=3050 5856 35 23851 47 23 24644 100 60 23 25 20 56 31 26 23 79 41 16104 21 179 118 15042 62 503 76 3707 89 29 3839 1671
leaf_count=3050 5856 35 23851 47 23 24644 100 60 23 25 20 56 31 26 23 79 41 16104 21 179 118 15042 62 503 76 3707 89 29 3839 1671
internal_value=0 1590.49 -237.789 1432.4 8135.62 -595.982 129.615 6765.35 5889.99 15472.3 2600.12 5966.05 1152.71 2491.9 1484.02 3913.7 2547.91 -857.351 3103.64 1420.7 7490.66 369.753 1449.09 3517.29 2253.96 357.12 1492.22 24.0793 1569.96 2168.16
internal_weight=0 12932 86498 12627 305 43798 42700 257 222 48 2440 76 10187 2364 4331 110 2338 19154 81 4221 141 18849 4198 544 1794 18749 4136 208 3928 1747
internal_count=99430 12932 86498 12627 305 43798 42700 257 222 48 2440 76 10187 2364 4331 110 2338 19154 81 4221 141 18849 4198 544 1794 18749 4136 208 3928 1747
is_linear=0
shrinkage=0.1


Tree=16
num_leaves=31
num_cat=0
split_feature=39 39 39 39 12 12 11 39 39 16 12 31 1 12 40 33 32 40 12 14 39 18 14 8 40 23 1 17 6 31
split_gain=3.05242e+12 1.20569e+12 6.79841e+11 5.42405e+11 2.97305e+11 1.29938e+11 1.27407e+11 1.24558e+11 1.07686e+11 9.52482e+10 9.42385e+10 7.9834e+10 8.81354e+10 6.6049e+10 5.72007e+10 4.43875e+10 1.02476e+11 6.25056e+10 5.46787e+10 4.57059e+10 4.25552e+10 4.07814e+10 4.03566e+10 4.03229e+10 3.83552e+10 3.74545e+10 3.7186e+10 3.71575e+10 3.66249e+10 3.5889e+10
threshold=73714.285714285725 252285.71428571432 37868.131868131873 126521.97802197804 694500.00000000012 189500.00000000003 846500.00000000012 54247.252747252758 17692.307692307695 88500.000000000015 91500.000000000015 303000.00000000006 223500.00000000003 343500.00000000006 164200.00000000003 58500.000000000007 245500.00000000003 126983.33333333336 137500.00000000003 85500.000000000015 96813.186813186825 157500.00000000003 133500.00000000003 337500.00000000006 13783.333333333334 130500.00000000001 1.0000000180025095e-35 203500.00000000003 2.5000000000000004 174500.00000000003
decision_type=2 2 2 2 8 10 8 2 2 8 8 8 2 10 10 8 10 8 8 10 2 8 10 10 8 8 2 8 2 10
left_child=2 3 8 10 11 15 -6 24 -1 -7 29 -3 -13 -14 20 -5 17 19 27 -17 -12 -20 26 -11 -4 -23 -9 -19 -28 -2
right_child=1 4 7 5 6 9 -8 22 -10 23 14 12 13 -15 -16 16 -18 18 21 -21 -22 25 -24 -25 -26 -27 28 -29 -30 -31
leaf_value=-917.20005952851375 489.18263839019824 2810.0991878733917 2827.9929989769348 -597.04093786168983 18130.53708984375 8286.4009722541359 9189.5305721507357 882.66469328277162 -519.37080359086417 2995.8780556980569 722.2314912086855 12221.13515625 3316.2311646542312 7640.6161654385651 -4390.2860449218751 7929.8605047052552 8908.6951382446296 1318.1669398588776 1400.331679695184 2998.4797059524894 1171.9039681101233 4517.5913543701172 -1392.3613087471142 -1550.7556027221681 -196.33692486820709 2166.9613939940828 283.08378840285576 -270.17493840680805 10.061933501652371 -1640.0748149108888
leaf_weight=10126 7538 68 42 81 30 34 34 663 20740 790 3915 26 59 88 20 22 20 930 839 129 4551 72 172 20 26676 1158 8309 175 12023 80
leaf_count=10126 7538 68 42 81 30 34 34 663 20740 790 3915 26 59 88 20 22 20 930 839 129 4551 72 172 20 26676 1158 8309 175 12023 80
internal_value=0 1081.25 -283.923 987.826 7322.06 1989.85 13380.6 -48.029 -649.884 3101.26 722.138 5713.15 6854.23 5904.98 951.339 1716.05 1772.06 1729.13 1634.56 3716.96 963.958 1937.89 133.171 2883.62 -191.583 2304.56 145.669 1066.62 121.637 466.822
internal_weight=0 20679 78751 20374 305 4270 64 47885 30866 844 16104 241 173 147 8486 3426 3345 3325 3174 151 8466 2069 21167 810 26718 1230 20995 1105 20332 7618
internal_count=99430 20679 78751 20374 305 4270 64 47885 30866 844 16104 241 173 147 8486 3426 3345 3325 3174 151 8466 2069 21167 810 26718 1230 20995 1105 20332 7618
is_linear=0
shrinkage=0.1


Tree=17
num_leaves=31
num_cat=0
split_feature=39 39 39 39 14 6 39 17 19 31 28 19 14 33 21 39 11 37 36 16 19 19 11 39 19 19 40 29 39 11
split_gain=2.47914e+12 8.83168e+11 7.44866e+11 2.82958e+11 2.10061e+11 1.89661e+11 1.4881e+11 1.36228e+11 1.3615e+11 8.84831e+10 7.55233e+10 7.05483e+10 6.3906e+10 6.23072e+10 6.07516e+10 5.1542e+10 4.56569e+10 3.94113e+10 4.68708e+10 3.92687e+10 4.89989e+10 3.822e+10 3.82199e+10 3.80662e+10 3.68537e+10 3.6226e+10 3.54228e+10 3.46698e+10 4.75731e+10 4.06562e+10
threshold=87912.087912087925 252285.71428571432 45186.813186813197 145791.20879120883 582500.00000000012 4.5000000000000009 19703.29670329671 860000.00000000012 65500.000000000007 263500.00000000006 1.0000000180025095e-35 119500.00000000001 193500.00000000003 25500.000000000004 497500.00000000006 187060.43956043958 33500.000000000007 119500.00000000001 172500.00000000003 489000.00000000006 492500.00000000006 158500.00000000003 172500.00000000003 61302.197802197807 4500.0000000000009 127500.00000000001 12150.000000000002 130500.00000000001 120565.93406593408 24500.000000000004
decision_type=2 2 2 2 8 2 2 8 10 8 8 10 10 8 10 2 10 10 10 8 8 10 10 2 8 10 8 10 2 10
left_child=2 3 6 11 9 7 -1 -6 23 -3 -5 27 -11 -12 19 -15 24 22 -19 20 -14 -20 -13 -4 26 -24 -8 28 -2 -29
right_child=1 4 8 10 5 -7 16 -9 -10 12 13 17 14 15 -16 -17 -18 18 21 -21 -22 -23 25 -25 -26 -27 -28 29 -30 -31
leaf_value=-804.03049267002996 726.80240750090945 1014.7370580715605 -96.44045541805913 6796.5471497479612 13796.500036621095 18585.004466711958 2318.074576494771 4122.8161997202287 358.91174084189521 11305.513696289063 -2403.9011340725806 1506.2425891302321 4213.4721037688078 1838.8242511054516 9714.0595552884606 2913.3112794274457 -267.52906971302906 1035.1144395783142 508.56692784627279 1101.6456970214845 9633.9922107514885 -4281.6001015940019 7185.1330048370364 148.6223167626782 -461.12732113988159 2573.9431469726565 -1103.660985703385 -3701.9503060477127 1476.4962267218436 207.19374060755814
leaf_weight=11407 6292 45 21428 34 24 23 31 37 13369 20 31 1631 81 1779 26 596 16458 888 36 28 21 31 20 9001 13180 115 1258 28 978 534
leaf_count=11407 6292 45 21428 34 24 23 31 37 13369 20 31 1631 81 1779 26 596 16458 888 36 28 21 31 20 9001 13180 115 1258 28 978 534
internal_value=0 1270.81 -196.202 1145.95 6589.85 10846.6 -495.318 7928.86 92.9155 4971.9 2116.46 921.557 5983.68 2050.32 5301.39 2108.46 -381.453 1360.22 842.681 4418.86 5329.46 -1707.78 1640.08 -23.9501 -511.038 3257.08 -1021.37 769.157 827.655 12.4321
internal_weight=0 13298 86132 12993 305 84 42334 61 43798 221 2440 10553 176 2406 156 2375 30927 2721 955 130 102 67 1766 30429 14469 135 1289 7832 7270 562
internal_count=99430 13298 86132 12993 305 84 42334 61 43798 221 2440 10553 176 2406 156 2375 30927 2721 955 130 102 67 1766 30429 14469 135 1289 7832 7270 562
is_linear=0
shrinkage=0.1


Tree=18
num_leaves=31
num_cat=0
split_feature=39 39 39 39 12 7 19 7 39 35 19 16 0 6 32 11 19 19 36 7 9 1 19 17 40 34 40 19 5 37
split_gain=2.02649e+12 7.89429e+11 4.50061e+11 3.60162e+11 2.02039e+11 1.27682e+11 1.00249e+11 8.74512e+10 8.62885e+10 7.4965e+10 7.23793e+10 7.0613e+10 9.01889e+10 7.93173e+10 6.31631e+10 6.2575e+10 6.05516e+10 5.88874e+10 5.70004e+10 4.76037e+10 4.35511e+10 4.95165e+10 5.3558e+10 4.31642e+10 3.74672e+10 3.70481e+10 3.57428e+10 4.13654e+10 4.03402e+10 4.37676e+10
threshold=73714.285714285725 252285.71428571432 40428.571428571442 122829.67032967033 590500.00000000012 -48499.999999999993 173500.00000000003 112500.00000000001 14049.450549450552 477500.00000000006 57500.000000000007 582500.00000000012 634541.00000000012 2.5000000000000004 265500.00000000006 70500.000000000015 100500.00000000001 116500.00000000001 49500.000000000007 -112499.99999999999 1.0000000180025095e-35 139500.00000000003 109500.00000000001 118500.00000000001 36816.666666666679 107500.00000000001 71916.666666666672 67500.000000000015 12.500000000000002 93500.000000000015
decision_type=2 2 2 2 8 10 10 10 2 10 10 8 2 2 10 8 10 8 8 8 10 2 10 10 8 10 8 8 2 10
left_child=2 3 8 16 7 -6 15 9 -1 11 19 12 -3 -14 -8 17 26 25 23 -4 21 22 -18 -17 -21 -5 28 -28 -2 -30
right_child=1 4 10 6 5 -7 14 -9 -10 -11 -12 -13 13 -15 -16 18 20 -19 -20 24 -22 -23 -24 -25 -26 -27 27 -29 29 -31
leaf_value=-814.69867741827102 257.13088535862119 3489.4979402503191 -2030.585688154827 -4327.3224557430185 6093.4356903948101 14413.268243251703 2221.7789555083 9822.3751555266208 -422.70120649049278 -942.77154014850498 154.69703054860412 -750.6914506392045 4069.8984205163042 11768.755923461915 6658.1703768874668 8185.913023529054 8645.0393896484366 1116.8927760964573 1331.7656358476358 1562.9470184610852 834.75964125958126 406.46422178206905 2758.1761716730457 2602.53457546658 -113.06648018845334 -64.260671657986109 -86.064243045934319 494.23560052237121 3403.6282495838732 -1023.9077528211806
leaf_weight=7076 131 98 129 47 35 39 1167 27 27206 29 15302 22 23 32 33 20 20 101 3492 134 3913 62 68 45 28904 36 1407 9676 129 27
leaf_count=7076 131 98 129 47 35 39 1167 27 27206 29 15302 22 23 32 33 20 20 101 3492 134 3913 62 68 45 28904 36 1407 9676 129 27
internal_value=0 881.001 -231.34 805.405 5930.87 10478.2 1548.47 4474.14 -503.612 3766.29 -21.4399 4546.65 5308.36 8549.23 2343.78 1293.36 567.505 -504.844 1386.38 -113.847 898.861 2571.05 4096.1 4320.5 -105.332 -2478.28 449.097 420.566 1550.89 2637.32
internal_weight=0 20679 78751 20374 305 74 4941 231 34282 204 44469 175 153 55 1200 3741 15433 184 3557 29167 4063 150 88 65 29038 83 11370 11083 287 156
internal_count=99430 20679 78751 20374 305 74 4941 231 34282 204 44469 175 153 55 1200 3741 15433 184 3557 29167 4063 150 88 65 29038 83 11370 11083 287 156
is_linear=0
shrinkage=0.1


Tree=19
num_leaves=31
num_cat=0
split_feature=12 12 42 9 42 12 42 21 30 26 13 32 18 26 21 42 8 23 28 9 8 12 18 35 26 12 12 23 9 16
split_gain=1.37321e+12 5.37572e+11 3.11952e+11 1.72076e+11 1.71672e+11 1.08039e+11 1.65139e+11 1.03088e+11 9.21726e+10 8.58301e+10 6.12303e+10 5.90969e+10 4.93013e+10 4.71592e+10 7.061e+10 4.52866e+10 4.49898e+10 6.03881e+10 4.7323e+10 4.33703e+10 5.28052e+10 4.11021e+10 4.09904e+10 4.19816e+10 3.87705e+10 3.42513e+10 3.41885e+10 5.38287e+10 3.31932e+10 3.15038e+10
threshold=83500.000000000015 248500.00000000003 34833.333333333336 532500.00000000012 127500.00000000001 58500.000000000007 205833.33333333334 709000.00000000012 45500.000000000007 188500.00000000003 1.0000000180025095e-35 217500.00000000003 157500.00000000003 152500.00000000003 180500.00000000003 1.0000000180025095e-35 15500.000000000002 95500.000000000015 90500.000000000015 2500.0000000000005 -103499.99999999999 21500.000000000004 276500.00000000006 477500.00000000006 93500.000000000015 343500.00000000006 355500.00000000006 200500.00000000003 49500.000000000007 1.0000000180025095e-35
decision_type=10 10 8 10 10 8 10 8 8 8 8 10 10 10 10 10 10 10 10 10 10 10 10 10 8 10 10 8 10 8
left_child=2 4 13 8 10 29 11 -5 -3 25 16 28 -6 14 15 -1 17 -2 -19 20 -12 -17 26 -24 -21 -10 27 -11 -7 -4
right_child=1 3 5 7 12 6 -8 -9 9 22 19 -13 -14 -15 -16 21 -18 18 -20 24 -22 -23 23 -25 -26 -27 -28 -29 -30 -31
leaf_value=432.30663909775853 251.21619954225494 8451.1794146369484 305.39681854586985 3631.3782366071428 1030.4156507539749 -99.553958601916008 8414.5155761718761 12361.685485036751 1270.2587865865455 7572.5821006481465 6135.7162460937507 5549.0290002441407 1770.1067415170419 -3976.6849856728004 5211.6051214044746 -603.47263026896837 -400.01391338652491 1475.559183054957 7549.5581521739141 338.12952092401474 1377.1622706119197 -345.59819715711319 6179.4344117523524 1407.9523108440899 740.77205632782648 -3586.5064251708991 -260.7434635416667 2561.0414353355036 175.38218565309268 -173.56746365648462
leaf_weight=561 164 34 1435 21 2160 5735 24 38 53 26 25 20 1546 38 22 12533 991 29 23 3703 347 12195 93 23 6752 20 30 122 18741 31926
leaf_count=561 164 34 1435 21 2160 5735 24 38 53 26 25 20 1546 38 22 12533 991 29 23 3703 347 12195 93 23 6752 20 30 122 18741 31926
internal_value=0 842.35 -163.956 4212 743.873 -35.8364 123.525 9254.29 3470.11 3008.65 560.601 115.402 1338.99 -456.5 -451.215 -456.142 -114.982 1192.73 4162.14 635.915 1696.96 -476.298 3770.69 5233.36 598.162 -60.3618 2817.48 3441.45 110.962 -152.965
internal_weight=0 16200 83230 460 15740 57881 24520 59 401 367 12034 24496 3706 25349 25311 25289 1207 216 52 10827 372 24728 294 116 10455 73 178 148 24476 33361
internal_count=99430 16200 83230 460 15740 57881 24520 59 401 367 12034 24496 3706 25349 25311 25289 1207 216 52 10827 372 24728 294 116 10455 73 178 148 24476 33361
is_linear=0
shrinkage=0.1


Tree=20
num_leaves=31
num_cat=0
split_feature=39 39 39 4 39 13 11 13 19 8 2 16 11 11 37 32 28 22 24 26 30 17 7 40 36 7 42 42 37 19
split_gain=1.38077e+12 5.12131e+11 3.60048e+11 1.92113e+11 1.52499e+11 1.28613e+11 8.76452e+10 1.44833e+11 8.17106e+10 6.58511e+10 1.11108e+11 6.54439e+10 6.48617e+10 5.61498e+10 6.77373e+10 8.13862e+10 1.23468e+11 4.38614e+10 4.13225e+10 3.66792e+10 4.89727e+10 3.73834e+10 3.58894e+10 3.38245e+10 3.36271e+10 3.1982e+10 3.09719e+10 2.97511e+10 2.83891e+10 3.37532e+10
threshold=80351.648351648371 200807.69230769234 40736.263736263747 55.950833515000006 115593.4065934066 756000.00000000012 373000.00000000006 484500.00000000006 56500.000000000007 -140499.99999999997 520500.00000000006 344500.00000000006 15500.000000000002 160500.00000000003 109500.00000000001 143500.00000000003 135500.00000000003 167500.00000000003 105500.00000000001 125500.00000000001 56500.000000000007 25500.000000000004 102500.00000000001 36816.666666666679 16500.000000000004 190500.00000000003 100166.66666666667 83166.666666666672 172500.00000000003 146500.00000000003
decision_type=2 2 2 2 2 10 10 8 10 10 2 10 10 8 8 10 10 10 10 8 10 8 10 8 8 10 10 10 10 10
left_child=2 4 12 6 -2 -5 9 -8 17 10 -3 13 -1 28 15 -15 -17 18 23 20 -16 -21 -11 -4 26 -25 -10 -20 29 -6
right_child=1 3 8 5 11 -7 7 -9 24 22 -12 -13 -14 14 19 16 -18 -19 27 21 -22 -23 -24 25 -26 -27 -28 -29 -30 -31
leaf_value=-601.05344074231186 491.16181718111267 -4490.057439630682 1511.1307893910803 13975.575214494978 838.48000193329449 4761.0919699928982 2923.8750022758873 11196.520689253375 767.34495825593626 2746.826723324868 3994.1879318763476 -4579.1368945312497 -314.13602757248265 1584.7530761718751 -4738.324470214844 13161.926274414065 2418.7561401367188 -3216.6272661675348 -875.30128716542174 5673.976140802557 669.17072979084503 1524.5246357261487 6817.3126188858696 -90.811959422504174 147.26162636047187 3175.9867523701987 4181.4117666516986 -3837.184549497947 -17.598636776127229 1572.2214269064223
leaf_weight=12091 10614 33 133 28 2706 33 59 33 521 372 29 20 22618 54 20 20 23 45 260 22 103 1658 23 28281 18426 30 28 39 292 816
leaf_count=12091 10614 33 133 28 2706 33 59 33 521 372 29 20 22618 54 20 20 23 45 260 22 103 1658 23 28281 18426 30 28 39 292 816
internal_value=0 821.802 -168.98 3666.73 715.649 8990.69 3075.18 5891.24 9.13551 2508.27 -521.62 1131.19 -414.085 1151.18 1595.31 4169.55 7415.58 -97.0533 -92.1693 1456.82 -210.097 1578.86 2983.84 -79.876 170.24 -87.3503 941.469 -1261.63 929.922 1008.48
internal_weight=0 16958 82472 610 16348 61 549 92 47763 457 62 5734 34709 5714 1900 97 43 28788 28743 1803 123 1680 395 28444 18975 28311 549 299 3814 3522
internal_count=99430 16958 82472 610 16348 61 549 92 47763 457 62 5734 34709 5714 1900 97 43 28788 28743 1803 123 1680 395 28444 18975 28311 549 299 3814 3522
is_linear=0
shrinkage=0.1


Tree=21
num_leaves=31
num_cat=0
split_feature=12 12 41 12 15 42 2 41 2 12 23 30 15 12 2 42 33 29 27 8 42 17 27 21 22 31 16 2 21 13
split_gain=9.21494e+11 3.78781e+11 1.78236e+11 1.37363e+11 1.30318e+11 8.96554e+10 2.01348e+11 6.75823e+10 5.90101e+10 5.76291e+10 5.55945e+10 4.78527e+10 4.96001e+10 9.84055e+10 4.96567e+10 4.05583e+10 3.86271e+10 4.26506e+10 3.42341e+10 3.2309e+10 3.18998e+10 8.93692e+10 4.65578e+10 4.53452e+10 3.13973e+10 3.31159e+10 3.11157e+10 4.70893e+10 4.11274e+10 3.87979e+10
threshold=75500.000000000015 248500.00000000003 33071.42857142858 139500.00000000003 774000.00000000012 248333.33333333334 480500.00000000006 66214.285714285725 302500.00000000006 48500.000000000007 217500.00000000003 45500.000000000007 263500.00000000006 373000.00000000006 460500.00000000006 29833.333333333339 215500.00000000003 258500.00000000003 89500.000000000015 143500.00000000003 1.0000000180025095e-35 286500.00000000006 126500.00000000001 94500.000000000015 3500.0000000000005 52500.000000000007 1.0000000180025095e-35 696500.00000000012 154500.00000000003 206500.00000000003
decision_type=10 10 8 10 10 10 2 8 2 8 10 8 8 10 2 10 10 10 8 10 10 8 10 10 8 8 8 2 10 10
left_child=2 3 20 15 8 9 -7 -5 -3 26 -11 -10 13 14 -13 -2 17 -9 19 -17 21 22 23 -1 25 -20 27 28 -4 -28
right_child=1 4 5 7 -6 6 -8 16 11 10 -12 12 -14 -15 -16 18 -18 -19 24 -21 -22 -23 -24 -25 -26 -27 29 -29 -30 -31
leaf_value=69.374365677944454 -672.76800377276959 1075.4788403268587 124.9165358113582 -1296.2921087967723 9594.4838510513309 -2045.6332652698866 11817.839707031249 1132.8180724773028 7992.0397135416679 14.711634104841824 5288.5760345458984 6737.4987703450524 4597.1469346923832 -3572.7114351712744 1966.8280890274048 290.22428172224721 2502.821688891609 -2281.9435726681272 5410.4636474609379 -953.13759046985251 -419.04516569919798 6621.4611020174898 -4501.1626118977865 4369.9579362135664 521.79755273556611 1320.8156427556819 -207.54436587854636 4881.136208274148 3872.4909513346356 -3747.7007111580142
leaf_weight=430 337 118 1227 114 32 22 20 3197 24 33894 20 30 150 26 80 5663 207 37 22 217 20932 22 21 26 9790 198 22491 22 30 31
leaf_count=430 337 118 1227 114 32 22 20 3197 24 33894 20 30 150 26 80 5663 207 37 22 217 20932 22 21 26 9790 198 22491 22 30 31
internal_value=0 602.13 -153.916 536.166 3438.89 -62.5286 4556.02 1099.15 2978.66 -65.8896 17.8218 3703.1 3343.19 1960.15 3267.92 412.827 1178.52 1093.75 435.85 244.338 -400.208 389.975 102.569 314.583 548.347 1729.78 -185.17 294.63 214.357 -212.417
internal_weight=0 20242 79188 19782 460 57757 42 3555 428 57715 33914 310 286 136 110 16227 3441 3234 15890 5880 21431 499 477 456 10010 220 23801 1279 1257 22522
internal_count=99430 20242 79188 19782 460 57757 42 3555 428 57715 33914 310 286 136 110 16227 3441 3234 15890 5880 21431 499 477 456 10010 220 23801 1279 1257 22522
is_linear=0
shrinkage=0.1


Tree=22
num_leaves=31
num_cat=0
split_feature=39 39 39 11 14 11 9 41 9 19 1 38 19 37 19 19 8 21 11 29 3 16 29 41 22 28 14 24 19 8
split_gain=9.56553e+11 3.97288e+11 1.85317e+11 1.67544e+11 1.71633e+11 1.25118e+11 6.35955e+10 6.33717e+10 5.12918e+10 5.11629e+10 4.99103e+10 4.93328e+10 4.55732e+10 4.79391e+10 4.45198e+10 4.30099e+10 5.51133e+10 4.29806e+10 6.91876e+10 4.77165e+10 4.46986e+10 4.21369e+10 4.34233e+10 4.18712e+10 5.72236e+10 3.99756e+10 5.45858e+10 3.74424e+10 3.70582e+10 3.63856e+10
threshold=67664.835164835167 177840.65934065936 33697.802197802208 373000.00000000006 788000.00000000012 111500.00000000001 435500.00000000006 81642.857142857145 44500.000000000007 14500.000000000002 546500.00000000012 481500.00000000006 121500.00000000001 118500.00000000001 49500.000000000007 65500.000000000007 137500.00000000003 108500.00000000001 181500.00000000003 84500.000000000015 37.610700980000011 276500.00000000006 279500.00000000006 6500.0000000000009 73500.000000000015 91500.000000000015 66500.000000000015 485500.00000000006 41500.000000000007 -135499.99999999997
decision_type=2 2 2 10 8 8 10 10 8 10 2 8 10 10 8 8 10 8 10 8 2 10 10 8 8 8 10 10 10 10
left_child=2 5 9 6 10 15 21 14 17 -1 11 -5 -10 25 -4 16 -2 18 20 -20 -7 22 -3 24 -16 26 -14 -13 -18 -28
right_child=1 3 7 4 -6 8 -8 -9 12 -11 -12 27 13 -15 23 -17 28 -19 19 -21 -22 -23 -24 -25 -26 -27 29 -29 -30 -31
leaf_value=-555.53479356337039 43.646721778656065 1660.5312060804988 -180.66482675906067 1487.5263690948486 11115.211818910257 -1036.7457129085767 7167.780029296875 -1991.306435809219 523.40906491646228 -268.08572347920727 -329.55282208478013 4259.2073383331299 6967.0803837217136 607.36126871254385 -534.7364198303037 355.5979876597371 -2488.4723681149067 1035.2534849687056 3511.38837837551 10104.446851748513 3626.141002244216 3896.9265857374812 -2482.5006004920374 9.9869167215607355 7029.8927880859383 1283.7290839213963 -1782.5403002929688 9618.3112537730831 612.12521902231072 3046.2812167315419
leaf_weight=11809 2197 937 19377 32 39 34 22 171 4201 13018 27 32 29 1312 20 14603 149 176 23 21 52 83 26 29517 20 1338 20 22 52 71
leaf_count=11809 2197 937 19377 32 39 34 22 171 4201 13018 27 32 29 1312 20 14603 149 176 23 21 52 83 26 29517 20 1338 20 22 52 71
internal_value=0 528.152 -182.151 2289.02 5395.35 439.666 1846.92 -69.5768 786.654 -404.811 3421.24 4598.82 731.03 1045.91 -62.8613 291.144 -101.359 2053.82 3432.81 6658.08 1782.67 1735.01 1548.67 14.3684 3247.58 1440.54 3189 6442.55 -1686.33 1985
internal_weight=0 25498 73932 1220 152 24278 1068 49105 7277 24827 113 86 6971 2770 48934 17001 2398 306 130 44 86 1046 963 29557 40 1458 120 54 201 91
internal_count=99430 25498 73932 1220 152 24278 1068 49105 7277 24827 113 86 6971 2770 48934 17001 2398 306 130 44 86 1046 963 29557 40 1458 120 54 201 91
is_linear=0
shrinkage=0.1


Tree=23
num_leaves=31
num_cat=0
split_feature=39 39 39 13 1 19 12 31 1 19 12 19 7 19 24 9 39 31 13 21 21 39 41 41 18 24 23 28 6 42
split_gain=7.90313e+11 2.65058e+11 2.49692e+11 1.33829e+11 1.53822e+11 1.3835e+11 9.84429e+10 8.58934e+10 8.19449e+10 6.86626e+10 4.45749e+10 4.30589e+10 4.2981e+10 4.04699e+10 5.92966e+10 4.45822e+10 3.80245e+10 3.76954e+10 3.71028e+10 8.59985e+10 4.27445e+10 3.64478e+10 3.96155e+10 3.42924e+10 3.25427e+10 3.98985e+10 3.08807e+10 2.9808e+10 2.92843e+10 3.90173e+10
threshold=91686.81318681319 48697.802197802208 252285.71428571432 29500.000000000004 294000.00000000006 590500.00000000012 139500.00000000003 796500.00000000012 546500.00000000012 32500.000000000004 245500.00000000003 225500.00000000003 72500.000000000015 78500.000000000015 150500.00000000003 27500.000000000004 9456.0439560439572 47500.000000000007 32500.000000000004 45500.000000000007 181500.00000000003 67664.835164835167 79928.571428571435 35642.857142857152 194500.00000000003 119500.00000000001 79500.000000000015 88500.000000000015 2.5000000000000004 74500.000000000015
decision_type=2 2 2 10 2 10 8 8 2 10 10 10 10 8 10 10 2 8 8 8 8 2 10 8 10 8 10 10 2 10
left_child=1 9 6 4 -4 8 13 -7 10 16 -5 -8 -12 14 15 -2 -1 -17 19 -15 -21 22 -3 -23 -19 -26 -24 -18 29 -20
right_child=2 21 3 5 -6 7 11 -9 -10 -11 12 -13 -14 18 -16 17 27 24 28 20 -22 23 26 -25 25 -27 -28 -29 -30 -31
leaf_value=-721.63040186720718 3793.6949226888023 30.653554051480018 2781.5001611328125 -1077.4975774949596 15184.009341430665 12665.29629272461 1009.8150949608071 4018.9622282805267 -3795.8417297363285 -117.36190217219415 2452.0834876427284 2421.5907075906944 7401.4424903106692 8302.5276660156251 -3085.4535077263331 -3292.6924890306263 -314.51795764000468 -266.91390269374159 3180.5458334585337 2377.3321594238282 -2560.913533528646 2737.7276501690903 -792.10046890877402 212.72348669153203 4235.0007716128703 -739.84402111598422 -4022.0661794301627 -1881.2970442881351 337.53942957673581 702.49549575928506
leaf_weight=2619 30 25008 20 31 20 20 3817 27 24 20116 143 229 20 20 68 36 25882 413 65 65 24 54 148 13610 38 28 37 122 3870 2826
leaf_count=2619 30 25008 20 31 20 20 3817 27 24 20116 143 229 20 20 68 36 25882 413 65 65 24 54 148 13610 38 28 37 122 3870 2826
internal_value=0 -103.625 767.038 3591.15 8982.75 2777.33 692.326 7698.25 1716.4 -258.944 2398.32 1089.72 3059.37 477.459 -301.073 46.3355 -358.447 -171.957 546.926 2377.2 1045.67 91.1944 19.8681 222.702 62.5865 2124.46 -1438.09 -321.869 517.418 758.211
internal_weight=0 87596 11834 305 40 265 11529 47 218 48739 194 4046 163 7483 613 545 28623 515 6870 109 89 38857 25193 13664 479 66 185 26004 6761 2891
internal_count=99430 87596 11834 305 40 265 11529 47 218 48739 194 4046 163 7483 613 545 28623 515 6870 109 89 38857 25193 13664 479 66 185 26004 6761 2891
is_linear=0
shrinkage=0.1


Tree=24
num_leaves=31
num_cat=0
split_feature=39 39 39 12 7 4 7 1 39 12 17 17 33 17 6 29 1 18 27 15 16 22 20 8 1 25 17 6 37 14
split_gain=6.44454e+11 2.30029e+11 1.94572e+11 1.04573e+11 2.03531e+11 1.3781e+11 7.6796e+10 9.0925e+10 5.64157e+10 5.27605e+10 4.99775e+10 4.58468e+10 4.18076e+10 5.01885e+10 3.85727e+10 3.73273e+10 3.69918e+10 5.1399e+10 3.64047e+10 4.10544e+10 3.88285e+10 3.08282e+10 3.01068e+10 2.98242e+10 2.91122e+10 5.41184e+10 4.70126e+10 3.04041e+10 2.81473e+10 2.78783e+10
threshold=95675.824175824164 48697.802197802208 200807.69230769234 694500.00000000012 -44499.999999999993 55.896006905000007 142500.00000000003 546500.00000000012 23291.208791208792 137500.00000000003 164500.00000000003 212500.00000000003 164500.00000000003 356500.00000000006 2.5000000000000004 155500.00000000003 21500.000000000004 135500.00000000003 46500.000000000007 114500.00000000001 255500.00000000003 162500.00000000003 1.0000000180025095e-35 68500.000000000015 1.0000000180025095e-35 97500.000000000015 77500.000000000015 2.5000000000000004 203500.00000000003 88500.000000000015
decision_type=2 2 2 8 8 2 10 2 2 8 8 10 8 10 2 10 2 10 8 10 10 8 8 10 2 10 10 2 10 10
left_child=1 8 9 6 -5 -6 7 10 -1 11 -4 -2 -12 -14 22 -15 17 -16 19 -11 28 -22 -3 24 25 -10 -27 -26 -20 -19
right_child=2 14 3 4 5 -7 -8 -9 23 18 12 -13 13 15 16 -17 -18 29 20 -21 21 -23 -24 -25 27 26 -28 -29 -30 -31
leaf_value=-402.78852142983982 493.81271935629786 1003.0820864557704 6695.7668834867936 13317.051007812501 -3285.4228515625 6553.028437500001 6703.0045532226568 -4956.7127343749999 140.3381580274216 6545.9483022054046 -2764.4288110351563 -1522.1284218962298 1443.2960191139809 8025.4004931640629 471.8163274576836 2898.8528348961659 -15.90101305045115 6385.2486968330713 985.34074571876943 1443.9014464046645 451.08492320667614 -4973.5749719238283 184.2997758503914 -562.16254074874212 -48.196745782814915 931.46197678138469 7233.6480566406244 -249.96503223189018 -392.17262763730946 1345.7685267857144
leaf_weight=13969 5928 462 21 25 24 35 32 20 2018 24 20 115 364 20 821 49 22931 23 3450 46 22 20 16063 1792 12624 29 20 18287 155 21
leaf_count=13969 5928 462 21 25 24 35 32 20 2018 24 20 115 364 20 821 49 22931 23 3450 46 22 20 16063 1792 12624 29 20 18287 155 21
internal_value=0 -86.8731 746.087 2478.73 5755.14 2550.95 1955.51 1647.98 -233.05 637.796 1926.65 455.449 1705.57 1912.04 89.8214 4384.81 8.31471 650.269 934.252 3193.17 890.894 -2132.09 207.191 -164.856 -143.267 220.071 3503.78 -167.563 926.113 3980.04
internal_weight=0 89060 10370 610 84 59 526 494 48739 9760 474 6043 453 433 40321 69 23796 865 3717 70 3647 42 16525 34770 32978 2067 49 30911 3605 44
internal_count=99430 89060 10370 610 84 59 526 494 48739 9760 474 6043 453 433 40321 69 23796 865 3717 70 3647 42 16525 34770 32978 2067 49 30911 3605 44
is_linear=0
shrinkage=0.1


Tree=25
num_leaves=31
num_cat=0
split_feature=39 39 39 12 11 9 22 10 10 14 39 35 9 34 1 37 13 29 19 19 19 11 24 12 19 11 2 1 2 10
split_gain=5.27105e+11 2.18812e+11 1.13811e+11 1.03579e+11 6.10259e+10 5.85395e+10 8.49616e+10 5.39716e+10 2.24587e+11 5.73264e+10 9.42089e+10 4.77094e+10 4.63868e+10 6.59222e+10 4.61122e+10 3.94088e+10 3.87652e+10 4.7473e+10 3.80917e+10 3.79258e+10 3.36523e+10 3.36035e+10 3.16416e+10 2.85718e+10 2.97697e+10 4.17019e+10 4.00173e+10 2.78426e+10 3.8098e+10 9.73647e+10
threshold=70879.120879120892 171978.02197802201 31840.659340659342 263500.00000000006 111500.00000000001 532500.00000000012 860000.00000000012 297500.00000000006 261500.00000000003 855500.00000000012 252285.71428571432 156500.00000000003 44500.000000000007 48500.000000000007 259500.00000000003 195500.00000000003 1.0000000180025095e-35 292500.00000000006 140500.00000000003 50500.000000000007 10500.000000000002 113500.00000000001 230500.00000000003 306000.00000000006 65500.000000000007 15500.000000000002 188500.00000000003 1.0000000180025095e-35 45500.000000000007 1.0000000180025095e-35
decision_type=2 2 2 8 8 10 8 8 10 8 2 8 8 8 2 10 8 10 8 8 10 10 10 10 8 10 2 2 2 8
left_child=2 4 20 11 15 7 -7 8 22 -9 -11 -3 13 -6 -14 23 -13 18 -18 -4 -1 -15 -5 24 25 26 -2 28 29 -21
right_child=1 3 19 5 12 6 -8 9 -10 10 -12 16 14 21 -16 -17 17 -19 -20 27 -22 -23 -24 -25 -26 -27 -28 -29 -30 -31
leaf_value=-458.77310829278071 323.22138455708824 3309.7234626438312 -144.51779691805029 3160.9293208582262 7367.3174011230476 2107.4958984375003 9453.0700422286991 2783.9062376671232 13739.160766601562 1609.3217796148256 -6561.99533342634 5091.932183837891 546.93664029779495 4256.7822189331055 -3844.4760396321617 -1786.0174010207973 -1765.9374593929369 -3455.0179914550786 1090.9339143333514 7716.6826484374997 -211.53337432715625 972.12115644314588 -825.59385399451628 3837.3763527610085 282.21488311057072 14.503740461356044 -2649.6682482688157 5.709321232160959 360.98438273392736 -406.83956231011285
leaf_weight=9395 72 92 22866 85 20 31 32 97 20 43 21 22 6486 36 24 97 49 25 982 25 13297 231 26 22 12846 1455 122 29668 1207 36
leaf_count=9395 72 92 22866 85 20 31 32 97 20 43 21 22 6486 36 24 97 49 25 982 25 13297 231 26 22 12846 1455 122 29668 1207 36
internal_value=0 420.479 -126.077 1577.82 338.048 3073.99 5838.58 2477.52 3984.71 1251.17 -1071.89 1123.85 585.599 1829.79 530.747 222.911 937.304 850.749 955.156 -46.8604 -313.896 1415 2227.15 236.335 230.869 -169.123 -1546.33 25.3221 484.211 2922.47
internal_weight=0 22936 76494 1525 21411 355 63 292 131 161 64 1170 6797 287 6510 14614 1078 1056 1031 53802 22692 267 111 14517 14495 1649 194 30936 1268 61
internal_count=99430 22936 76494 1525 21411 355 63 292 131 161 64 1170 6797 287 6510 14614 1078 1056 1031 53802 22692 267 111 14517 14495 1649 194 30936 1268 61
is_linear=0
shrinkage=0.1


Tree=26
num_leaves=31
num_cat=0
split_feature=39 39 11 14 0 17 40 33 20 11 7 14 18 12 26 33 25 15 33 17 33 20 42 26 18 13 11 40 11 18
split_gain=4.35067e+11 1.67434e+11 1.3442e+11 1.09051e+11 1.86689e+11 1.245e+11 6.60104e+10 6.4601e+10 7.31151e+10 5.46687e+10 4.43249e+10 4.42197e+10 5.64443e+10 4.28016e+10 4.79347e+10 3.78971e+10 3.66225e+10 3.60875e+10 3.48236e+10 3.40734e+10 3.32763e+10 3.23776e+10 3.07631e+10 3.28605e+10 3.06515e+10 2.91998e+10 2.9094e+10 2.8242e+10 2.63239e+10 2.46681e+10
threshold=101494.50549450552 51142.857142857152 236500.00000000003 582500.00000000012 663933.50000000012 860000.00000000012 90083.333333333358 78500.000000000015 81500.000000000015 29500.000000000004 -2499.9999999999995 410000.00000000006 286500.00000000006 189500.00000000003 79500.000000000015 69500.000000000015 502500.00000000006 1.0000000180025095e-35 261500.00000000003 161500.00000000003 79500.000000000015 93500.000000000015 34500.000000000007 139500.00000000003 124500.00000000001 150500.00000000003 167500.00000000003 73083.333333333358 195500.00000000003 202500.00000000003
decision_type=2 2 10 8 2 8 8 8 8 10 10 10 10 8 8 8 10 8 10 10 10 10 10 10 10 10 10 8 10 10
left_child=1 9 6 7 5 -5 -2 -4 -9 21 -7 12 13 14 20 19 24 -15 -19 26 -8 25 23 -16 -10 -1 -3 -21 -28 -17
right_child=2 15 3 4 -6 10 11 8 16 -11 -12 -13 -14 17 22 29 -18 18 -20 27 -22 -23 -24 -25 -26 -27 28 -29 -30 -31
leaf_value=-293.89633382977888 5417.0687761579247 -46.305135859170782 -2697.1612467447922 8036.1073606293785 13893.821102294924 -3579.1665527343753 -2209.5629293709158 7799.4579638671876 -772.61886809118869 -92.265208021927492 2843.8229457310267 -3732.7361083984379 3985.144524510702 4600.6307185581754 468.25648637251425 157.79942390902886 5217.745332985658 908.26732362995745 4750.7593596140541 162.01847194324841 -6.8022633657405507 -1923.9823421665878 516.38674025610862 -5132.3561816406254 1742.0934622218247 3528.7733581542971 5204.9466015625003 -4522.8062637821322 337.55482739257815 2554.95624616756
leaf_weight=22615 28 12866 33 29 20 22 107 20 58 29032 21 24 48 28 22 25728 26 1366 24 22 191 122 6524 20 295 20 20 31 25 43
leaf_count=22615 28 12866 33 29 20 22 107 20 58 29032 21 24 48 28 22 25728 26 1366 24 22 191 122 6524 20 295 20 20 31 25 43
internal_value=0 -65.6113 666.899 2220.71 5346.76 2972.58 569.762 1554.98 1906.66 -183.229 -442.358 553.516 565.865 546.048 442.721 91.6448 1595.69 1046.21 974.613 -47.8145 -797.726 -299.276 499.019 -2198.7 1328.91 -290.519 -37.4273 -2578.16 2500.84 161.799
internal_weight=0 90524 8906 524 92 72 8382 432 399 51789 43 8354 8330 8282 6864 38735 379 1418 1390 12964 298 22757 6566 42 353 22635 12911 53 45 25771
internal_count=99430 90524 8906 524 92 72 8382 432 399 51789 43 8354 8330 8282 6864 38735 379 1418 1390 12964 298 22757 6566 42 353 22635 12911 53 45 25771
is_linear=0
shrinkage=0.1


end of trees

feature_importances:
mean_income_all=185
income_4_day_before=73
income_11_day_before=64
income_3_day_before=44
mean_income_last_30_days=31
mean_income_last_7_days=30
income_5_day_before=29
mean_income_last_3_days=27
money_in=25
income_18_day_before=25
income_1_day_before=24
income_25_day_before=18
yesterday_income_growth=16
yesterday_growth_of_income_growth=16
income_9_day_before=15
income_6_day_before=11
income_8_day_before=11
income_10_day_before=11
income_13_day_before=11
income_23_day_before=10
latitude=9
money=8
income_12_day_before=8
income_16_day_before=8
income_21_day_before=8
income_24_day_before=8
income_29_day_before=8
income_7_day_before=7
weekday=6
income_14_day_before=6
income_15_day_before=6
income_20_day_before=6
TID=5
longitude=5
day=5
income_2_day_before=5
income_30_day_before=5
income_17_day_before=4
income_19_day_before=4
income_28_day_before=4
income_22_day_before=3
income_26_day_before=3
income_27_day_before=3

parameters:
[boosting: gbdt]
[objective: regression]
[metric: l2]
[tree_learner: serial]
[device_type: cpu]
[data: ]
[valid: ]
[num_iterations: 27]
[learning_rate: 0.1]
[num_leaves: 31]
[num_threads: -1]
[deterministic: 0]
[force_col_wise: 0]
[force_row_wise: 0]
[histogram_pool_size: -1]
[max_depth: -1]
[min_data_in_leaf: 20]
[min_sum_hessian_in_leaf: 0.001]
[bagging_fraction: 0.7]
[pos_bagging_fraction: 1]
[neg_bagging_fraction: 1]
[bagging_freq: 0]
[bagging_seed: 3014]
[feature_fraction: 0.7]
[feature_fraction_bynode: 1]
[feature_fraction_seed: 29554]
[extra_trees: 0]
[extra_seed: 19515]
[early_stopping_round: 0]
[first_metric_only: 0]
[max_delta_step: 0]
[lambda_l1: 0]
[lambda_l2: 0]
[linear_lambda: 0]
[min_gain_to_split: 0]
[drop_rate: 0.1]
[max_drop: 50]
[skip_drop: 0.5]
[xgboost_dart_mode: 0]
[uniform_drop: 0]
[drop_seed: 12050]
[top_rate: 0.2]
[other_rate: 0.1]
[min_data_per_group: 100]
[max_cat_threshold: 32]
[cat_l2: 10]
[cat_smooth: 10]
[max_cat_to_onehot: 4]
[top_k: 20]
[monotone_constraints: ]
[monotone_constraints_method: basic]
[monotone_penalty: 0]
[feature_contri: ]
[forcedsplits_filename: ]
[refit_decay_rate: 0.9]
[cegb_tradeoff: 1]
[cegb_penalty_split: 0]
[cegb_penalty_feature_lazy: ]
[cegb_penalty_feature_coupled: ]
[path_smooth: 0]
[interaction_constraints: ]
[verbosity: -1]
[saved_feature_importance_type: 0]
[linear_tree: 0]
[max_bin: 255]
[max_bin_by_feature: ]
[min_data_in_bin: 3]
[bin_construct_sample_cnt: 200000]
[data_random_seed: 126]
[is_enable_sparse: 1]
[enable_bundle: 1]
[use_missing: 1]
[zero_as_missing: 0]
[feature_pre_filter: 1]
[pre_partition: 0]
[two_round: 0]
[header: 0]
[label_column: ]
[weight_column: ]
[group_column: ]
[ignore_column: ]
[categorical_feature: ]
[forcedbins_filename: ]
[precise_float_parser: 0]
[objective_seed: 25204]
[num_class: 1]
[is_unbalance: 0]
[scale_pos_weight: 1]
[sigmoid: 1]
[boost_from_average: 1]
[reg_sqrt: 0]
[alpha: 0.9]
[fair_c: 1]
[poisson_max_delta_step: 0.7]
[tweedie_variance_power: 1.5]
[lambdarank_truncation_level: 30]
[lambdarank_norm: 1]
[label_gain: ]
[eval_at: ]
[multi_error_top_k: 1]
[auc_mu_weights: ]
[num_machines: 1]
[local_listen_port: 12400]
[time_out: 120]
[machine_list_filename: ]
[machines: ]
[gpu_platform_id: -1]
[gpu_device_id: -1]
[gpu_use_dp: 0]
[num_gpu: 1]

end of parameters

pandas_categorical:[]
