tree
version=v3
num_class=1
num_tree_per_iteration=1
label_index=0
max_feature_idx=42
objective=regression
feature_names=TID money_in money longitude latitude day weekday yesterday_income_growth yesterday_growth_of_income_growth income_1_day_before income_2_day_before income_3_day_before income_4_day_before income_5_day_before income_6_day_before income_7_day_before income_8_day_before income_9_day_before income_10_day_before income_11_day_before income_12_day_before income_13_day_before income_14_day_before income_15_day_before income_16_day_before income_17_day_before income_18_day_before income_19_day_before income_20_day_before income_21_day_before income_22_day_before income_23_day_before income_24_day_before income_25_day_before income_26_day_before income_27_day_before income_28_day_before income_29_day_before income_30_day_before mean_income_all mean_income_last_30_days mean_income_last_7_days mean_income_last_3_days
feature_infos=[406136:699664] [0:2697000] [0:6019000] [35.500558769999998:39.842458970000003] [54.458422939999998:56.757842529999998] [1:31] [0:6] [-2214000:2697000] [-4911000:2697000] [0:2697000] [0:2697000] [0:2697000] [0:2697000] [0:2697000] [0:2697000] [0:2697000] [0:2697000] [0:2697000] [0:2697000] [0:2697000] [0:2697000] [0:2697000] [0:2697000] [0:2697000] [0:2697000] [0:2697000] [0:2697000] [0:2697000] [0:2697000] [0:2697000] [0:2697000] [0:2697000] [0:2697000] [0:2697000] [0:2697000] [0:2697000] [0:2697000] [0:2697000] [0:2697000] [2274.7252747252742:734461.5384615385] [0:843500] [0:917142.85714285716] [0:1247000]
tree_sizes=2845 2882 2845 2857 2855 2843 2899 2878 2885 2850 2849 2887 2893 2843 2848 2826 2823 2841 2846 2857 2822 2843 2863 2822 2857 2839 2857 2855 2833 2851

Tree=0
num_leaves=31
num_cat=0
split_feature=39 39 39 39 4 39 39 39 39 9 39 39 39 38 10 39 39 31 10 24 10 28 41 10 31 30 24 10 10 8
split_gain=8.00729e+13 2.86795e+13 2.15148e+13 1.00241e+13 5.52304e+12 3.89678e+12 3.6619e+12 1.67144e+12 1.4138e+12 1.06784e+12 6.61e+11 5.45328e+11 4.56084e+11 3.52117e+11 3.24314e+11 2.69843e+11 2.4452e+11 2.17217e+11 2.07972e+11 1.91354e+11 1.23262e+11 1.75912e+11 1.24436e+11 1.17807e+11 1.1422e+11 1.10622e+11 1.08949e+11 1.47029e+11 9.85814e+10 9.67904e+10
threshold=83862.637362637368 252285.71428571432 43461.538461538468 133060.43956043958 55.950833515000006 60736.26373626374 23967.03296703297 108791.20879120882 171978.02197802201 379000.00000000006 72186.813186813204 33697.802197802208 51142.857142857152 463500.00000000006 214500.00000000003 14615.384615384619 95675.824175824164 408000.00000000006 172500.00000000003 303000.00000000006 122500.00000000001 173500.00000000003 179642.85714285719 100500.00000000001 212500.00000000003 202500.00000000003 44500.000000000007 95500.000000000015 84500.000000000015 -335499.99999999994
decision_type=2 2 2 2 2 2 2 2 2 8 2 2 2 10 10 2 2 8 10 8 10 10 10 10 10 10 8 10 8 8
left_child=2 3 6 7 9 12 15 16 18 19 -7 -8 -4 -6 28 -1 25 -11 26 -3 -9 -22 -23 -12 -20 -2 27 -5 -10 -28
right_child=1 4 5 8 13 10 11 20 14 17 23 -13 -14 -15 -16 -17 -18 -19 24 -21 21 22 -24 -25 -26 -27 29 -29 -30 -31
leaf_value=51672.278584968437 59617.962850664735 77367.858694279363 55348.443814837367 54139.56783761931 127960.99471296809 57203.782087649874 53541.022132776401 62151.963691169534 62585.996264888658 85820.520427253796 58306.274827829067 54493.86734255161 56175.812220254309 112763.68357049496 72638.915132786293 52536.967091935912 60811.542870867037 97326.996827551426 67186.540682676656 84583.079773596342 63554.412158533654 61166.247527954081 52731.286282544621 59729.485984095147 74290.162475826161 66891.948622008262 71424.329921301425 65208.615395631772 69081.631003359245 65154.823915716122
leaf_weight=7503 4737 68 12688 21 30 11468 10370 2109 24 21 6375 14274 14030 31 314 6954 2928 75 398 80 1577 73 23 640 24 21 25 28 882 1639
leaf_count=7503 4737 68 12688 21 30 11468 10370 2109 24 21 6375 14274 14030 31 314 6954 2928 75 398 80 1577 73 23 640 24 21 25 28 882 1639
internal_value=56271.5 62970.5 55069.3 62345.9 93324.3 56555.2 53351.7 60939.4 67153.8 86596 57671.5 54092.9 55782.9 120238 69869.4 52088.2 60092.5 94810 65602 81268 62660.4 63301.4 59145.4 58436.1 67590.5 59650.1 65112.2 60464.7 68909.6 65249
internal_weight=0 15128 84302 14823 305 45201 39101 11468 3355 244 18483 24644 26718 61 1220 14457 7686 96 2135 148 3782 1673 96 7015 422 4758 1713 49 906 1664
internal_count=99430 15128 84302 14823 305 45201 39101 11468 3355 244 18483 24644 26718 61 1220 14457 7686 96 2135 148 3782 1673 96 7015 422 4758 1713 49 906 1664
is_linear=0
shrinkage=1


Tree=1
num_leaves=31
num_cat=0
split_feature=39 39 39 39 4 39 39 39 39 9 39 39 39 42 40 8 30 39 39 10 13 42 3 17 18 12 30 39 40 42
split_gain=6.48591e+13 2.32304e+13 1.74666e+13 8.15893e+12 4.47366e+12 3.41419e+12 2.70639e+12 1.49113e+12 1.01725e+12 8.75594e+11 6.07256e+11 3.90706e+11 3.90106e+11 3.88871e+11 3.60165e+11 3.07514e+11 3.0285e+11 1.9603e+11 1.75558e+11 1.69536e+11 1.28352e+11 1.26098e+11 1.23433e+11 1.22757e+11 1.13443e+11 1.11531e+11 1.09169e+11 1.04652e+11 8.85692e+10 8.73983e+10
threshold=83862.637362637368 252285.71428571432 42313.186813186818 128813.18681318681 55.950833515000006 59532.967032967041 23291.208791208792 158895.60439560443 105175.82417582419 359500.00000000006 69961.538461538483 33697.802197802208 49543.956043956052 205833.33333333334 145383.33333333334 -25499.999999999996 355500.00000000006 13247.252747252749 120565.93406593408 173500.00000000003 71500.000000000015 96166.666666666672 37.646657880000014 1.0000000180025095e-35 43500.000000000007 396000.00000000006 195500.00000000003 76483.516483516505 97650.000000000015 183833.33333333334
decision_type=2 2 2 2 2 2 2 2 2 8 2 2 2 10 10 8 8 2 2 10 8 10 2 8 8 10 10 2 10 8
left_child=2 3 6 8 9 12 17 19 21 22 -7 -8 -4 29 18 -6 -11 -1 -10 23 -21 -2 25 -5 -25 -3 -23 28 -12 -9
right_child=1 4 5 7 15 10 11 13 14 16 27 -13 -14 -15 -16 -17 -18 -19 -20 20 -22 26 -24 24 -26 -27 -28 -29 -30 -31
leaf_value=-4213.7883400922265 3002.731017071882 26941.343130387933 -930.28925698641433 2394.1668775475546 49861.603571428575 721.30925067023691 -2476.5006312616406 10234.781893795009 4993.0183655833389 23443.311435081847 1541.7463197078951 -1657.5038615684382 -171.9119718888121 14777.975620876099 -1819.5615970335145 64109.838446969705 36869.698218936013 -3460.0648294122143 6429.7958463154901 16619.783991608794 9392.1187082702872 3829.5801352719996 18715.879738729509 13620.875315020161 7526.2494517220493 18281.377102050781 11247.163378906251 2209.6845335039848 -4549.5447957356773 11984.133607149819
leaf_weight=6222 4431 58 12505 46 28 11041 10858 703 2562 21 4429 12566 14823 341 69 33 84 7747 1273 27 273 2503 61 31 2063 20 20 4087 24 481
leaf_count=6222 4431 58 12505 46 28 11041 10858 703 2562 21 4429 12566 14823 341 69 33 84 7747 1273 27 273 2503 61 31 2063 20 20 4087 24 481
internal_value=0 6029.13 -1081.93 5467.02 33347.6 203.216 -2694.12 9349.44 4049.29 27292 1211.08 -2037.14 -518.937 11802.4 5341.11 57569.7 34184.4 -3795.78 5469.95 7816.32 10042.6 3324.06 22085.6 7504.22 7616.48 24720.8 3888.38 1844.28 1508.92 10945.5
internal_weight=0 15128 84302 14823 305 46909 37393 3965 10858 244 19581 23424 27328 1525 3904 61 105 13969 3835 2440 300 6954 139 2140 2094 78 2523 8540 4453 1184
internal_count=99430 15128 84302 14823 305 46909 37393 3965 10858 244 19581 23424 27328 1525 3904 61 105 13969 3835 2440 300 6954 139 2140 2094 78 2523 8540 4453 1184
is_linear=0
shrinkage=0.1


Tree=2
num_leaves=31
num_cat=0
split_feature=39 39 39 39 4 39 39 39 42 16 39 39 39 0 40 38 39 39 39 39 39 40 42 34 19 2 12 11 7 30
split_gain=5.25455e+13 1.85907e+13 1.46209e+13 6.25417e+12 3.62367e+12 2.70024e+12 2.54826e+12 9.75225e+11 9.325e+11 7.1934e+11 3.78604e+11 3.66919e+11 3.63993e+11 3.50628e+11 3.26003e+11 2.78356e+11 2.70423e+11 2.23217e+11 2.06444e+11 1.47948e+11 1.3529e+11 1.29689e+11 1.12194e+11 1.01717e+11 1.01691e+11 1.60613e+11 1.03719e+11 1.01606e+11 8.74944e+10 8.58194e+10
threshold=85637.362637362647 252285.71428571432 44659.340659340676 133060.43956043958 55.950833515000006 26313.186813186818 62945.054945054952 108791.20879120882 178833.33333333334 379000.00000000006 54010.989010989018 73714.285714285725 36829.670329670334 634541.00000000012 145383.33333333334 463500.00000000006 16978.021978021981 158895.60439560443 200807.69230769234 125153.84615384617 95675.824175824164 115150.00000000001 31166.666666666668 133500.00000000003 439000.00000000006 517500.00000000006 343500.00000000006 140500.00000000003 87500.000000000015 200500.00000000003
decision_type=2 2 2 2 2 2 2 2 10 8 2 2 2 2 10 10 2 2 2 2 2 8 8 8 8 2 10 10 10 10
left_child=2 3 5 7 9 16 10 20 17 24 -4 -8 -7 -11 19 -6 -1 22 27 -9 29 -21 -5 -19 25 -3 -27 -10 -25 -2
right_child=1 4 6 8 15 12 11 14 18 13 -12 -13 -14 -15 -16 -17 -18 23 -20 21 -22 -23 -24 28 -26 26 -28 -29 -30 -31
leaf_value=-3638.9881458541663 2769.0208350232529 16624.6134375 -574.24634631930212 -301.55335449218751 58679.513124999998 -2029.4444792213731 942.765347927216 4876.504127120078 16434.038790457587 20097.466105769232 176.45900887089419 1918.987101914392 -1267.3798236388529 33297.963426637114 -1637.6054701653081 45167.395413306454 -2804.0996578447821 15575.2413125 13785.343173643869 10580.200438701924 3695.0041524080634 5981.6806736255003 7232.4636258727769 9285.2683389959548 13408.793268087638 27884.10335477941 19072.149272017046 10291.143735236796 2562.8423201751712 9335.9025122070307
leaf_weight=9699 4006 50 15982 20 30 12505 9943 2562 28 26 11590 6283 12566 89 69 31 6466 25 265 65 2928 1086 1689 606 23 34 22 702 20 20
leaf_count=9699 4006 50 15982 20 30 12505 9943 2562 28 26 11590 6283 12566 89 69 31 6466 25 265 65 2928 1086 1689 606 23 34 22 702 20 20
internal_value=0 5587.07 -945.874 5058.38 30012.8 -2297.26 326.464 3880.66 8827.05 24562.8 -258.684 1320.78 -1647.49 30313.5 5173.04 51812.7 -3305.03 7744.54 11394.6 5299.6 3177.8 6241.37 7144.29 9320.29 19436.3 20744.1 24422.3 10526.8 9070.49 2801.64
internal_weight=0 14396 85034 14091 305 41236 43798 10736 3355 244 27572 16226 25071 115 3782 61 16165 2360 995 3713 6954 1151 1709 651 129 106 56 730 626 4026
internal_count=99430 14396 85034 14091 305 41236 43798 10736 3355 244 27572 16226 25071 115 3782 61 16165 2360 995 3713 6954 1151 1709 651 129 106 56 730 626 4026
is_linear=0
shrinkage=0.1


Tree=3
num_leaves=31
num_cat=0
split_feature=39 39 39 39 10 39 39 39 39 16 39 39 37 39 40 42 10 42 23 9 22 39 41 33 10 10 40 27 17 10
split_gain=4.26042e+13 1.56489e+13 1.06772e+13 6.08031e+12 2.91961e+12 2.10999e+12 1.52362e+12 9.97229e+11 9.02514e+11 6.93848e+11 4.17661e+11 2.33594e+11 2.22115e+11 2.19977e+11 2.19799e+11 2.06534e+11 2.0408e+11 1.97478e+11 1.66277e+11 1.55091e+11 1.4843e+11 1.15878e+11 1.0897e+11 9.92608e+10 9.68197e+10 9.07281e+10 9.69916e+10 8.80193e+10 8.54406e+10 1.05817e+11
threshold=80351.648351648371 252285.71428571432 40736.263736263747 128813.18681318681 594000.00000000012 56681.318681318691 21983.516483516487 171978.02197802201 99912.087912087925 379000.00000000006 67664.835164835167 30445.054945054948 inf 47818.681318681323 145383.33333333334 152166.66666666672 122500.00000000001 205833.33333333334 240500.00000000003 359500.00000000006 297500.00000000006 11692.307692307693 57928.571428571435 448500.00000000006 85500.000000000015 102500.00000000001 85816.666666666672 52500.000000000007 78500.000000000015 60500.000000000007
decision_type=2 2 2 2 10 2 2 2 2 8 2 2 8 2 10 10 10 10 10 8 10 2 8 8 10 10 10 8 8 10
left_child=2 3 6 8 9 13 21 15 24 20 -7 -8 -6 -4 16 28 22 -9 -17 -11 -3 -1 -10 -21 -2 26 -12 -18 29 -5
right_child=1 4 5 7 12 10 11 17 14 19 25 -13 -14 -15 -16 18 27 -19 -20 23 -22 -23 -24 -25 -26 -27 -28 -29 -30 -31
leaf_value=-3517.4904864560958 1986.3778132882835 14794.726511948531 -871.83404421422347 -2660.6243099365238 41565.591217672416 408.90887928591422 -2175.9654404549983 9161.6108685115687 10965.979642159598 21224.71815011161 1267.1843590552899 -1498.8251109750233 54169.406712962969 -293.23812895269526 -1473.8448780004528 7569.4760188602904 8841.4530095176087 12001.828063928835 16793.179492187501 23452.775136718752 22061.272786458336 -2899.2653730070419 3740.359278393938 31392.802987753381 2705.9863277361978 2678.5140565161614 -2298.9752118990018 5022.5182283491813 6064.8561011391866 5142.6563153183251
leaf_weight=4758 3212 85 12505 25 29 12871 8235 881 21 28 8004 13359 27 13847 69 858 63 339 20 20 42 8357 3413 74 4474 459 77 1436 1785 57
leaf_count=4758 3212 85 12505 25 29 12871 8235 881 21 28 8004 13359 27 13847 69 858 63 339 20 20 42 8357 3413 74 4474 459 77 1436 1785 57
internal_value=0 4564.92 -938.646 4153.81 27011.5 31.3061 -2273.39 7571.97 3085.64 22371.6 768.672 -1757.06 47642.4 -567.803 4131.1 6514.7 4209.5 9950.82 7779.58 27757.5 17197.8 -3123.55 3784.55 29703.4 2405.26 1310.89 1233.2 5183.02 5919.86 2763.61
internal_weight=0 16958 82472 16653 305 47763 34709 3965 12688 249 21411 21594 56 26352 5002 2745 4933 1220 878 122 127 13115 3434 94 7686 8540 8081 1499 1867 82
internal_count=99430 16958 82472 16653 305 47763 34709 3965 12688 249 21411 21594 56 26352 5002 2745 4933 1220 878 122 127 13115 3434 94 7686 8540 8081 1499 1867 82
is_linear=0
shrinkage=0.1


Tree=4
num_leaves=31
num_cat=0
split_feature=39 39 39 39 4 39 39 39 1 10 39 39 39 17 17 30 40 17 42 42 5 42 38 15 10 20 24 38 39 39
split_gain=3.45615e+13 1.21904e+13 9.61578e+12 4.15908e+12 2.4199e+12 2.14492e+12 1.30125e+12 9.6852e+11 4.62831e+11 3.76621e+11 3.38894e+11 2.82588e+11 2.36233e+11 2.24321e+11 2.20899e+11 2.1392e+11 1.80931e+11 1.55124e+11 1.4389e+11 1.13434e+11 1.1005e+11 1.08345e+11 8.38579e+10 1.11645e+11 9.02738e+10 8.22077e+10 8.04034e+10 7.9817e+10 7.7887e+10 7.63838e+10
threshold=85637.362637362647 252285.71428571432 41401.098901098907 145791.20879120883 55.950833515000006 61769.230769230773 20576.923076923082 111313.18681318683 373000.00000000006 205500.00000000003 52807.692307692312 73714.285714285725 30857.142857142859 1.0000000180025095e-35 800500.00000000012 408000.00000000006 157100.00000000003 294000.00000000006 131500.00000000003 103166.66666666667 12.500000000000002 168500.00000000003 180500.00000000003 103500.00000000001 72500.000000000015 27500.000000000004 1.0000000180025095e-35 257500.00000000003 187060.43956043958 11060.439560439563
decision_type=2 2 2 2 2 2 2 2 2 10 2 2 2 8 8 8 10 8 10 10 2 8 10 10 8 8 8 10 2 2
left_child=2 3 6 7 8 10 29 19 17 13 -4 -7 -8 26 -6 -10 18 -3 22 -2 -18 -15 24 -24 -9 -13 -5 28 -11 -1
right_child=1 4 5 9 14 11 12 16 15 27 -12 25 -14 21 -16 -17 20 -19 -20 -21 -22 -23 23 -25 -26 -27 -28 -29 -30 -31
leaf_value=-3220.4163357992643 2377.1707779387916 13154.976791666668 -619.65140719467274 -4648.2864306640622 34653.261360677083 719.37466839263789 -1963.7190432944951 2009.9794172498914 16343.440457589288 8272.0931222975632 50.373693016820546 3264.0723212968906 -1316.5822448829972 6671.1074488069935 46971.67715371622 27762.253156250001 2962.2096564797794 19630.547486354881 5374.5796787554609 3265.6284071225018 -5503.6815638950902 8171.7091790230834 12758.390940504809 4591.71315866024 4227.7824270801939 1477.247339224871 4318.5064843749997 15292.93359375 11036.338949885838 -2684.6399839574019
leaf_weight=3904 5356 75 19337 20 24 11468 9577 198 21 159 12383 269 13725 989 37 75 34 73 1486 1964 28 937 26 47 2512 6014 20 31 284 8357
leaf_count=3904 5356 75 19337 20 24 11468 9577 198 21 159 12383 269 13725 989 37 75 34 73 1486 1964 28 937 26 47 2512 6014 20 31 284 8357
internal_value=0 4531.2 -767.118 4103.08 24310.4 134.494 -2021.33 3316.86 19856.7 7857.25 -358.084 1014.7 -1582.55 7247.21 42125.1 25264.4 4502.18 16349 4580.07 2615.55 -861.096 7401.15 4155.84 7500.39 4065.74 1553.75 -164.89 10387.5 10044.2 -2855.24
internal_weight=0 14396 85034 14091 305 49471 35563 11651 244 2440 31720 17751 23302 1966 61 96 4331 148 4269 7320 62 1926 2783 73 2710 6283 40 474 443 12261
internal_count=99430 14396 85034 14091 305 49471 35563 11651 244 2440 31720 17751 23302 1966 61 96 4331 148 4269 7320 62 1926 2783 73 2710 6283 40 474 443 12261
is_linear=0
shrinkage=0.1


Tree=5
num_leaves=31
num_cat=0
split_feature=39 39 39 39 10 39 39 10 39 16 39 39 38 39 39 24 39 10 22 38 24 1 39 16 32 41 33 28 20 39
split_gain=2.80314e+13 1.05483e+13 6.40986e+12 4.60413e+12 1.96817e+12 1.2707e+12 8.26904e+11 7.86948e+11 6.8452e+11 4.56453e+11 1.98076e+11 1.86365e+11 1.77142e+11 1.74818e+11 1.63104e+11 1.81734e+11 1.32737e+11 1.19277e+11 1.10703e+11 9.66618e+10 1.09402e+11 1.29387e+11 8.87247e+10 1.04147e+11 1.29392e+11 8.64364e+10 8.50057e+10 7.19255e+10 6.72387e+10 5.7095e+10
threshold=76483.516483516505 252285.71428571432 38445.054945054952 126521.97802197804 594000.00000000012 56357.142857142862 20236.26373626374 173500.00000000003 98329.670329670349 379000.00000000006 47291.208791208795 187060.43956043958 inf 66554.94505494507 145791.20879120883 25500.000000000004 29296.703296703301 85500.000000000015 297500.00000000006 448500.00000000006 456500.00000000006 396000.00000000006 115593.4065934066 172500.00000000003 158500.00000000003 135785.71428571432 69500.000000000015 88500.000000000015 397500.00000000006 10285.714285714286
decision_type=2 2 2 2 10 2 2 10 2 8 2 2 8 2 2 8 2 10 10 10 8 2 2 10 10 8 8 8 10 2
left_child=2 3 6 8 9 10 29 14 17 18 -4 26 -6 -7 -5 -16 -8 -2 -3 20 -11 -22 -10 -24 -25 27 -9 -17 -23 -1
right_child=1 4 5 7 12 13 16 11 22 19 -12 -13 -14 -15 15 25 -18 -19 -20 -21 21 28 23 24 -26 -27 -28 -29 -30 -31
leaf_value=-2929.4709993693214 1439.7847221566662 11798.015483111214 -775.51894647143206 4469.2205896624328 33391.436395474142 291.47942408679472 -1842.4636603343974 13552.0144140625 2924.0210083801676 14211.956035156252 -252.50669354330284 9554.9067085702518 44647.165856481486 908.62058272783622 -1132.9427807617187 14163.293564453124 -1317.3701530676399 2145.6048503194138 18073.51420200893 27060.741524621211 17210.885344328704 30084.883482142861 4008.0917965790723 2944.755236956717 -4492.1475250244139 5892.4208919964376 6951.095817682999 7620.1447809709825 22082.581547619047 -2447.2598617895264
leaf_weight=3477 4782 85 14762 1685 29 12139 8174 20 3294 20 14213 507 27 7381 35 20 11712 4795 42 33 27 21 1650 87 32 1103 795 105 21 8357
leaf_count=3477 4782 85 14762 1685 29 12139 8174 20 3294 20 14213 507 27 7381 35 20 11712 4795 42 33 27 21 1650 87 32 1103 795 105 21 8357
internal_value=0 3430.61 -821.781 3133.05 21879.3 -98.8203 -1927.08 6022.3 2290.35 18069.8 -518.968 8049.55 38818.3 524.836 5113.2 5972.34 -1533.21 1793.17 13873.4 22438.1 20724.2 22611.7 3230.8 3802.03 944.916 6174.85 7113.08 8667.05 26083.7 -2588.94
internal_weight=0 19215 80215 18910 305 48495 31720 4270 14640 249 28975 1322 56 19520 2948 1263 19886 9577 127 122 89 69 5063 1769 119 1228 815 125 42 11834
internal_count=99430 19215 80215 18910 305 48495 31720 4270 14640 249 28975 1322 56 19520 2948 1263 19886 9577 127 122 89 69 5063 1769 119 1228 815 125 42 11834
is_linear=0
shrinkage=0.1


Tree=6
num_leaves=31
num_cat=0
split_feature=42 42 42 42 10 41 10 42 17 1 41 7 9 1 10 15 42 25 23 17 35 1 10 10 9 42 40 18 9 10
split_gain=2.05573e+13 6.88203e+12 5.36631e+12 3.07741e+12 9.93719e+11 9.87486e+11 9.45958e+11 7.0336e+11 5.44336e+11 4.5026e+11 3.73128e+11 2.78837e+11 2.63342e+11 2.63167e+11 2.29551e+11 2.23628e+11 1.84775e+11 1.81215e+11 1.7843e+11 1.9487e+11 1.65387e+11 1.61642e+11 1.47913e+11 1.45316e+11 1.41561e+11 1.32156e+11 1.0669e+11 1.06016e+11 1.03938e+11 1.00153e+11
threshold=85166.666666666672 339833.33333333337 46166.666666666679 152166.66666666672 594000.00000000012 24642.857142857149 65500.000000000007 108833.33333333336 233500.00000000003 137500.00000000003 1.0000000180025095e-35 229500.00000000003 182500.00000000003 41500.000000000007 33500.000000000007 276500.00000000006 58166.666666666679 104500.00000000001 314500.00000000006 168500.00000000003 1022000.0000000001 259500.00000000003 131500.00000000003 32500.000000000004 294000.00000000006 73833.333333333358 73550.000000000015 188500.00000000003 107500.00000000001 223500.00000000003
decision_type=10 10 8 10 10 8 10 10 10 2 10 8 10 2 10 8 8 10 10 8 8 2 10 10 10 8 10 10 10 10
left_child=2 3 5 7 15 10 9 -2 18 13 17 -11 25 23 27 -3 -15 -1 19 28 -6 -13 -9 -4 -10 -8 -16 -7 -5 -21
right_child=1 4 6 8 20 14 12 22 24 11 -12 21 -14 16 26 -17 -18 -19 -20 29 -22 -23 -24 -25 -26 -27 -28 -29 -30 -31
leaf_value=890.8343146600015 1957.4966202381067 8440.6589575195303 -1512.1584249302014 358.50976586435354 29118.359856770836 -1427.1844078835675 580.70529291977323 3086.5049232845358 10105.969287317155 167.02427127100842 -2162.7439643867087 5323.2253888935065 9780.7574218749996 -295.01942633146649 -834.79121226193081 20096.567215326781 265.22690123226465 10795.172763671875 15394.934414062502 6356.1433741315377 39906.479658564815 14727.293852597191 4227.3265828714093 -408.90473557151444 18168.693294270834 1204.6242382608464 6133.7035154862842 5521.5593217329551 5015.4823418229789 9030.3651797845505
leaf_weight=242 7250 20 1952 51 30 11048 8260 3043 235 119 13728 141 33 12978 16593 93 10774 20 20 1076 27 21 1814 3074 24 5764 22 22 795 161
leaf_count=242 7250 20 1952 51 30 11048 8260 3043 235 119 13728 141 33 12978 16593 93 10774 20 20 1076 27 21 1814 3074 24 5764 22 22 795 161
internal_value=0 3460.54 -597.455 3225.52 23463.6 -1406.63 184.68 2581.35 6527.32 -141.099 -2091.4 3842.43 858.138 -179.996 -1060.6 18033.6 -40.8895 1646.89 5994.57 5904.32 34228.5 6542.27 3512.58 -837.387 10853.1 837.142 -825.564 -1413.37 4734.74 6704.2
internal_weight=0 14639 84791 14469 170 41675 43116 12107 2362 29059 13990 281 14057 28778 27685 113 23752 262 2103 2083 57 162 4857 5026 259 14024 16615 11070 846 1237
internal_count=99430 14639 84791 14469 170 41675 43116 12107 2362 29059 13990 281 14057 28778 27685 113 23752 262 2103 2083 57 162 4857 5026 259 14024 16615 11070 846 1237
is_linear=0
shrinkage=0.1


Tree=7
num_leaves=31
num_cat=0
split_feature=39 39 39 39 4 39 39 39 39 24 8 40 16 39 39 39 9 23 41 17 17 39 40 6 40 40 39 26 17 40
split_gain=1.87747e+13 6.65487e+12 5.17154e+12 2.31963e+12 1.32152e+12 1.04944e+12 8.00644e+11 3.60664e+11 3.50923e+11 2.70435e+11 1.96265e+11 1.82142e+11 1.59007e+11 1.4615e+11 1.43172e+11 1.36497e+11 9.62943e+10 8.63069e+10 7.96202e+10 8.62089e+10 7.86071e+10 7.65101e+10 8.33108e+10 7.42255e+10 5.95831e+10 5.91461e+10 5.575e+10 5.5284e+10 6.00418e+10 5.43759e+10
threshold=84983.516483516505 252285.71428571432 45763.736263736275 133060.43956043958 55.950833515000006 27071.428571428576 64796.703296703301 106637.36263736265 171978.02197802201 312500.00000000006 -25499.999999999996 145383.33333333334 400000.00000000006 54752.747252747264 37000.000000000007 15829.670329670331 222500.00000000003 286500.00000000006 59642.857142857152 133500.00000000003 159500.00000000003 75104.395604395613 85816.666666666672 2.5000000000000004 30883.333333333339 43383.333333333336 91686.81318681319 146500.00000000003 214500.00000000003 77950.000000000015
decision_type=2 2 2 2 2 2 2 2 2 8 8 10 10 2 2 2 8 10 8 10 8 2 10 2 8 10 2 8 10 10
left_child=2 3 5 7 9 15 13 26 17 -3 -6 18 -11 -4 25 -1 27 20 -9 -20 -5 22 -8 -14 -15 -7 -2 -10 -29 -26
right_child=1 4 6 8 10 14 21 11 16 12 -12 -13 23 24 -16 -17 -18 -19 19 -21 -22 -23 -24 -25 29 -27 -28 28 -30 -31
leaf_value=-2238.8705542693656 1513.9616183755829 10022.938022577197 -288.63123274725865 3912.9263937672849 24915.78910435268 -1172.6710059964964 700.8209716499216 8853.1623331705741 8900.5634107506794 14354.114677839383 36298.622336647728 -2070.7687372622286 24795.176938657409 4618.7926582336431 -724.88489471794389 -1672.4355987189135 8334.3964687797052 10892.831956845239 2833.6159528280232 3952.1731541047297 5142.2716192468424 1161.4580943384788 -2625.6804252624515 18009.363056640625 165.88908027113382 -3385.7037254958859 2087.4401485581452 5603.3169241693004 7846.7843454280373 -4598.4215159098303
leaf_weight=8418 2928 84 15311 1190 28 11956 8037 24 69 93 33 69 27 30 13969 8601 263 21 3175 880 924 5185 76 40 12939 122 4026 746 142 24
leaf_count=8418 2928 84 15311 1190 28 11956 8037 24 69 93 33 69 27 30 13969 8601 263 21 3175 880 924 5185 76 40 12939 122 4026 746 142 24
internal_value=0 3290.91 -573.775 2982.51 17908.9 -1341.91 221.396 2286.18 5286.73 14617.6 31073.7 3024.16 17029.9 -79.303 -942.889 -1952.61 6639.67 4513.63 3110.35 3076.36 4450.26 861.416 669.659 20743.9 167.37 -1195.02 1845.98 6173.94 5962.07 157.068
internal_weight=0 14762 84668 14457 305 43066 41602 11102 3355 244 61 4148 160 28304 26047 17019 1220 2135 4079 4055 2114 13298 8113 67 12993 12078 6954 957 888 12963
internal_count=99430 14762 84668 14457 305 43066 41602 11102 3355 244 61 4148 160 28304 26047 17019 1220 2135 4079 4055 2114 13298 8113 67 12993 12078 6954 957 888 12963
is_linear=0
shrinkage=0.1


Tree=8
num_leaves=31
num_cat=0
split_feature=42 41 42 42 16 42 41 9 42 42 22 41 16 9 2 25 17 42 17 41 20 42 30 7 9 11 13 4 41 35
split_gain=1.35616e+13 4.5455e+12 3.53508e+12 1.85686e+12 7.55353e+11 7.35444e+11 4.81165e+11 3.60554e+11 3.45085e+11 3.14752e+11 2.93449e+11 2.60554e+11 1.39766e+11 1.60777e+11 1.30489e+11 1.28893e+11 1.10425e+11 1.08171e+11 1.08001e+11 9.94706e+10 1.08899e+11 8.94483e+10 8.12407e+10 7.83682e+10 7.71925e+10 7.8005e+10 7.42042e+10 6.93045e+10 6.48908e+10 6.24279e+10
threshold=85166.666666666672 265285.71428571438 42500.000000000007 138500.00000000003 655500.00000000012 61166.666666666679 24071.428571428576 180500.00000000003 205833.33333333334 106500.00000000001 401500.00000000006 1.0000000180025095e-35 110500.00000000001 316500.00000000006 689500.00000000012 104500.00000000001 160500.00000000003 73166.666666666672 800500.00000000012 36500.000000000007 198500.00000000003 50500.000000000007 81500.000000000015 122500.00000000001 36500.000000000007 109500.00000000001 379000.00000000006 55.642392525000005 14642.857142857143 527000.00000000012
decision_type=10 10 8 10 8 10 8 10 10 10 8 10 8 10 2 10 8 10 10 10 10 8 10 10 8 8 10 2 10 10
left_child=2 3 6 9 10 7 11 14 16 -2 26 15 -10 -14 21 -1 -5 -7 -6 -8 -21 -4 28 -11 25 -23 -3 -24 -13 -12
right_child=1 4 5 8 18 17 19 -9 12 23 29 22 13 -15 -16 -17 -18 -19 -20 20 -22 24 27 -25 -26 -27 -28 -29 -30 -31
leaf_value=778.82434262362403 1545.5186008956709 11686.125782296318 -472.22884402687288 3592.3169333826918 23819.663671875001 394.22685085997449 -1121.7532308214131 6843.2742307874905 810.81649854183206 2707.8690881317434 16622.147386300225 -2002.1682577326601 7225.9317054399235 16194.466615513393 1767.4246174621583 9131.8220068359369 4845.3900111857101 906.01864424012547 33639.511955915179 -707.716646696353 6336.6904716491699 267.38264020796055 6794.8303269195567 105.66862705775671 -63.662810687435332 -1325.4163798217 5242.599723815918 -709.1608772277832 -1560.0599296924206 22957.145209960938
leaf_weight=242 6783 70 12216 1324 24 11292 13600 72 32 4216 70 6708 415 21 320 20 1500 6511 21 8765 22 447 20 119 16966 985 24 32 6573 20
leaf_count=242 6783 70 12216 1324 24 11292 13600 72 32 4216 70 6708 415 21 320 20 1500 6511 21 8765 22 447 20 119 16966 985 24 32 6573 20
internal_value=0 2810.71 -485.263 2588.57 16788.8 69.1291 -1237.29 -225.007 4674.7 1970.88 13948.6 -1706.55 7189.73 7657.9 -241.459 1416.46 4257.9 581.402 28402.3 -952.319 -690.08 -262.457 -1767.92 2636.44 -123.172 -828.223 10041 2176.99 -1783.36 18029.9
internal_weight=0 14639 84791 14410 229 48809 35982 31006 3292 11118 184 13595 468 436 30934 262 2824 17803 45 22387 8787 30614 13333 4335 18398 1432 94 52 13281 90
internal_count=99430 14639 84791 14410 229 48809 35982 31006 3292 11118 184 13595 468 436 30934 262 2824 17803 45 22387 8787 30614 13333 4335 18398 1432 94 52 13281 90
is_linear=0
shrinkage=0.1


Tree=9
num_leaves=31
num_cat=0
split_feature=39 39 39 39 4 39 39 39 24 8 17 0 39 40 39 13 12 39 15 40 39 17 20 20 40 24 29 40 39 32
split_gain=1.26037e+13 4.34332e+12 3.71653e+12 1.4376e+12 8.83597e+11 7.46221e+11 6.23218e+11 2.9408e+11 2.04502e+11 1.65979e+11 1.64482e+11 1.56464e+11 1.56146e+11 1.38243e+11 1.21667e+11 1.16349e+11 1.72049e+11 1.11897e+11 9.03912e+10 7.9069e+10 7.71501e+10 6.55346e+10 6.12285e+10 5.91889e+10 5.47086e+10 5.14914e+10 5.08461e+10 5.07435e+10 4.99903e+10 5.73983e+10
threshold=87912.087912087925 252285.71428571432 46115.384615384624 145791.20879120883 55.950833515000006 28780.219780219784 67423.076923076951 115593.4065934066 312500.00000000006 -25499.999999999996 1.0000000180025095e-35 634541.00000000012 200807.69230769234 157100.00000000003 17692.307692307695 76500.000000000015 68500.000000000015 56357.142857142862 531000.00000000012 106616.66666666667 37868.131868131873 258500.00000000003 263500.00000000006 115500.00000000001 64883.333333333336 1.0000000180025095e-35 230500.00000000003 97650.000000000015 171978.02197802201 131500.00000000003
decision_type=2 2 2 2 2 2 2 2 8 8 8 2 2 10 2 8 10 2 8 8 2 10 10 10 10 8 10 10 2 8
left_child=2 3 5 7 8 14 17 -2 26 -6 25 21 15 19 -1 16 -12 24 -13 23 -7 -10 28 -9 -4 -5 -3 -8 -17 -30
right_child=1 4 6 10 9 20 27 13 11 -11 12 18 -14 -15 -16 22 -18 -19 -20 -21 -22 -23 -24 -25 -26 -27 -28 -29 29 -31
leaf_value=-1790.4105288237706 1702.909662695359 4299.6392876845139 -180.48553525816556 -5064.9581933593754 19762.955981445313 -910.1506543546426 830.58186074953164 7951.6986890109083 5816.1437899502844 30230.762340198868 16182.587397693453 14849.177043321397 7032.1462484545982 -1864.6820363690777 -1285.5143065400816 4057.6562737835116 5258.7517111073375 200.62468155795773 21935.596158854169 2826.1377484677723 -558.17186560983998 12553.498204985119 -924.3820986793155 2267.8060721261163 -2924.1267653373825 1872.856700067935 9621.555050764413 -3357.2874166554416 9436.9352412782882 4914.0955244772149
leaf_weight=10126 6954 26 16458 20 28 11712 12537 53 22 33 21 72 297 62 9028 1118 46 12871 24 3456 13298 42 21 28 73 23 58 29 29 865
leaf_count=10126 6954 26 16458 20 28 11712 12537 53 22 33 21 72 297 62 9028 1118 46 12871 24 3456 13298 42 21 28 73 23 58 29 29 865
internal_value=0 2865.36 -442.386 2588.47 14661 -1082.73 231.462 2082.68 11969.8 25425.9 4776.01 14067.5 4885.98 2816.47 -1552.43 4582.45 8682.64 -20.463 16620.8 2898.52 -723.001 10237.5 4447.32 5986.9 -192.601 -1354.03 7974.3 820.917 4503.39 5060.81
internal_weight=0 13298 86132 12993 305 44164 41968 10553 244 61 2440 160 2397 3599 19154 2100 67 29402 96 3537 25010 64 2033 81 16531 43 84 12566 2012 894
internal_count=99430 13298 86132 12993 305 44164 41968 10553 244 61 2440 160 2397 3599 19154 2100 67 29402 96 3537 25010 64 2033 81 16531 43 84 12566 2012 894
is_linear=0
shrinkage=0.1


Tree=10
num_leaves=31
num_cat=0
split_feature=39 39 39 39 10 39 39 10 39 24 40 31 9 21 16 17 24 40 39 40 10 9 10 40 10 38 16 24 29 28
split_gain=1.02566e+13 3.83213e+12 2.3344e+12 1.72828e+12 7.49766e+11 4.20553e+11 3.37459e+11 3.19577e+11 2.43229e+11 1.70306e+11 1.16861e+11 1.1344e+11 9.98877e+10 9.1867e+10 8.62769e+10 6.81337e+10 1.19417e+11 7.86514e+10 6.72363e+10 6.65527e+10 6.36232e+10 6.24391e+10 6.1601e+10 6.10415e+10 6.40797e+10 5.5839e+10 5.4537e+10 6.38337e+10 5.23176e+10 5.2269e+10
threshold=76483.516483516505 252285.71428571432 39252.747252747264 126521.97802197804 594000.00000000012 55686.813186813197 20236.26373626374 173500.00000000003 95675.824175824164 312500.00000000006 150483.33333333337 280500.00000000006 209500.00000000003 594000.00000000012 379000.00000000006 78500.000000000015 58500.000000000007 124350.00000000001 67664.835164835167 85816.666666666672 119500.00000000001 157500.00000000003 28500.000000000004 26983.333333333339 50500.000000000007 90500.000000000015 223500.00000000003 485500.00000000006 303000.00000000006 130500.00000000001
decision_type=2 2 2 2 8 2 2 10 2 8 10 10 10 10 10 8 10 8 2 10 8 8 8 8 10 10 10 8 10 10
left_child=2 3 6 8 9 23 -1 15 -2 28 20 12 -9 -6 26 16 -5 25 -7 -20 -10 -19 -8 -4 -25 -17 -11 -28 -3 -18
right_child=1 4 5 7 13 18 22 11 10 14 -12 -13 -14 -15 -16 17 29 21 19 -21 -22 -23 -24 24 -26 -27 27 -29 -30 -31
leaf_value=-1570.0186769805307 1049.581399895661 5461.1665145381812 2435.6146595142504 -2865.1521437424881 18665.640554120466 175.62667020604812 -1125.2587517350951 4334.7721766336745 1682.2803274141272 13122.120002297796 -5391.3161754261364 12431.941240234375 6352.4190204155157 26141.081079799111 14818.4864642334 1895.817970703125 6499.1671307963716 2744.8681001042919 606.44043677149182 -2278.6411185558932 2393.0728821417383 3755.0495250238901 -772.16109791964982 -434.36460252611909 -115.69036232071872 7371.6552120679044 11706.300613839287 3998.3626287286934 11343.099916992189 1292.4611951641009
leaf_weight=11834 8845 62 81 52 31 14030 7858 974 3917 34 22 20 328 35 80 25 31 1785 6202 81 1856 931 13309 16665 10155 73 21 22 20 51
leaf_count=11834 8845 62 81 52 31 14030 7858 974 3917 34 22 20 328 35 80 25 31 1785 6202 81 1856 931 13309 16665 10155 73 21 22 20 51
internal_value=0 2075.16 -497.092 1895.81 13194.9 -46.08 -1142.35 3665.99 1379.51 10589.5 1883.08 4957.87 4843.06 22629.9 12518.6 3086.66 883.595 3191.57 297.377 569.246 1910.8 3091.14 -903.244 -305.425 -313.703 5974.76 10129.2 7762.7 6895.78 3260.85
internal_weight=0 19215 80215 18910 305 47214 33001 4270 14640 239 5795 1322 1302 66 157 2948 134 2814 20313 6283 5773 2716 21167 26901 26820 98 77 43 82 82
internal_count=99430 19215 80215 18910 305 47214 33001 4270 14640 239 5795 1322 1302 66 157 2948 134 2814 20313 6283 5773 2716 21167 26901 26820 98 77 43 82 82
is_linear=0
shrinkage=0.1


Tree=11
num_leaves=31
num_cat=0
split_feature=42 42 42 42 4 42 42 22 9 42 22 41 42 17 31 30 2 24 9 8 33 9 2 24 41 17 26 17 8 41
split_gain=7.27394e+12 2.42399e+12 1.7985e+12 9.48156e+11 6.68264e+11 3.77733e+11 2.43742e+11 2.06823e+11 2.03672e+11 1.66635e+11 1.54342e+11 1.53168e+11 1.45234e+11 1.1621e+11 1.01999e+11 9.13805e+10 7.29039e+10 7.28898e+10 7.26448e+10 7.22911e+10 6.67917e+10 6.17929e+10 5.82494e+10 5.82376e+10 7.80589e+10 5.80324e+10 5.13063e+10 4.94697e+10 4.6554e+10 4.4713e+10
threshold=83166.666666666672 248333.33333333334 41833.333333333336 131500.00000000003 55.950833515000006 58500.000000000007 25833.333333333339 401500.00000000006 177500.00000000003 168500.00000000003 800500.00000000012 1.0000000180025095e-35 98166.666666666672 240500.00000000003 258500.00000000003 50500.000000000007 693500.00000000012 69500.000000000015 129500.00000000001 -135499.99999999997 106500.00000000001 28500.000000000004 813500.00000000012 14500.000000000002 55357.142857142862 127500.00000000001 480500.00000000006 233500.00000000003 158500.00000000003 98928.571428571435
decision_type=10 10 8 10 2 10 10 10 10 10 10 8 10 8 10 10 2 8 10 8 10 10 2 8 10 10 8 8 10 8
left_child=2 3 6 12 7 8 11 13 16 29 -6 20 -2 -3 18 23 -4 -7 -11 21 -1 -14 -15 -13 -25 -21 -9 -20 -8 -5
right_child=1 4 5 9 10 17 28 26 -10 14 -12 15 19 22 -16 -17 -18 -19 27 25 -22 -23 -24 24 -26 -27 -28 -29 -30 -31
leaf_value=751.56616853446019 981.6752256329014 3242.5481978877901 -236.77350603007199 4.7213838269633639 24596.053326231064 142.87102537313487 -674.48206847064466 16270.534033203126 4996.8130986328133 356.91712831769672 14179.395945312499 -1522.8275349084456 4809.7869131905691 6871.7414850518253 9276.7023274739586 113.35053528638987 1402.2289745247278 526.88736830645416 3733.1769040203453 1634.2739936270805 6764.5369970703123 -87.960547559750012 10805.632161458334 -1137.8403400738673 5115.5594580078132 2489.3186193130527 10409.057631138394 5265.4672109822277 1182.6308648502124 2725.9506237846404
leaf_weight=242 5596 62 28473 62 33 8839 18059 32 75 56 25 5743 28 101 36 494 274 11213 1076 4452 20 322 60 10332 20 966 28 262 136 2313
leaf_count=242 5596 62 28473 62 33 8839 18059 32 75 56 25 5743 28 101 36 494 274 11213 1076 4452 20 322 60 10332 20 966 28 262 136 2313
internal_value=0 1989.54 -367.705 1802.1 10327.5 24.3104 -914.396 8323.44 -207.573 3168.41 20106.1 -1188.43 1344.62 6921.17 4021.26 -1226.32 -221.151 357.611 3885.54 1696.74 1210.57 303.859 8337.79 -1267.44 -1125.76 1786.72 13535.2 4033.22 -660.601 2654.91
internal_weight=0 15510 83920 15169 341 48874 35046 283 28822 3805 58 16851 11364 223 1430 16589 28747 20052 1394 5768 262 350 161 16095 10352 5418 60 1338 18195 2375
internal_count=99430 15510 83920 15169 341 48874 35046 283 28822 3805 58 16851 11364 223 1430 16589 28747 20052 1394 5768 262 350 161 16095 10352 5418 60 1338 18195 2375
is_linear=0
shrinkage=0.1


Tree=12
num_leaves=31
num_cat=0
split_feature=10 9 10 9 10 18 9 41 41 18 24 1 10 10 13 10 41 1 10 41 31 1 10 18 38 29 0 31 0 1
split_gain=6.02864e+12 2.18526e+12 1.57904e+12 7.51098e+11 4.76216e+11 3.32087e+11 3.09042e+11 2.34251e+11 1.76088e+11 1.44788e+11 1.35392e+11 1.29235e+11 1.2077e+11 1.13483e+11 1.06385e+11 1.00401e+11 9.93534e+10 9.43691e+10 7.78085e+10 7.54177e+10 7.45856e+10 6.80231e+10 6.17599e+10 5.89563e+10 5.64731e+10 8.55327e+10 5.58018e+10 5.52328e+10 5.38483e+10 5.1522e+10
threshold=89500.000000000015 281500.00000000006 45500.000000000007 157500.00000000003 513500.00000000006 27500.000000000004 68500.000000000015 100214.28571428572 73071.428571428594 201500.00000000003 233500.00000000003 248500.00000000003 223500.00000000003 141500.00000000003 756000.00000000012 57500.000000000007 1.0000000180025095e-35 133500.00000000003 14500.000000000002 33071.42857142858 262500.00000000006 202500.00000000003 68500.000000000015 69500.000000000015 88500.000000000015 39500.000000000007 683753.00000000012 116500.00000000001 634541.00000000012 27500.000000000004
decision_type=10 10 8 10 10 8 10 8 10 10 8 2 10 10 8 10 10 2 10 10 10 2 8 8 8 8 2 10 2 2
left_child=2 3 5 7 10 16 11 23 19 24 -3 15 -5 -9 -6 17 -1 29 -18 27 -15 22 -8 -2 -10 -26 -14 -7 -12 -4
right_child=1 4 6 12 14 8 21 13 9 -11 28 -13 26 20 -16 -17 18 -19 -20 -21 -22 -23 -24 -25 25 -27 -28 -29 -30 -31
leaf_value=1062.28199121595 326.06225569179389 837.21482604980474 -824.94510841835518 3182.479842977491 14832.358535156251 -797.7698979404081 229.47174856124525 1608.8064342269038 -760.5601859001265 8411.4446270978005 7593.5533237088111 7783.7910571870352 4918.5060298727021 2485.358707748197 22440.637938017004 140.06642000891628 -1383.5095055364845 2620.2516024753968 -936.63023787049951 -436.05135349314742 7692.5267464773997 4657.0437126350398 701.03504409302138 1127.8413995766634 6987.3087682653349 1129.0949257509208 9931.4502950032547 4462.6357394409179 11728.647164916993 -190.53325394310505
leaf_weight=207 1178 20 1392 1742 40 9959 4412 5056 146 27 62 21 297 1564 34 13594 7238 116 8439 15795 28 40 7496 4141 27 324 24 20 64 15927
leaf_count=207 1178 20 1392 1742 40 9959 4412 5056 146 27 62 21 297 1564 34 13594 7238 116 8439 15795 28 40 7496 4141 27 324 24 20 64 15927
internal_value=0 1903.76 -318.485 1748.69 11793 -753.184 107.963 1444.9 -535.121 1279.68 8480.67 -58.3406 3510.92 1840.65 18328.1 -63.648 -1114.21 -222.483 -1142.95 -572.017 2576.94 540.146 526.317 950.271 892.238 1579.73 5293.31 -787.227 9693.92 -241.524
internal_weight=0 14250 85180 14030 220 42182 42998 11967 26298 524 146 31050 2063 6648 74 31029 15884 17435 15677 25774 1592 11948 11908 5319 497 351 321 9979 126 17319
internal_count=99430 14250 85180 14030 220 42182 42998 11967 26298 524 146 31050 2063 6648 74 31029 15884 17435 15677 25774 1592 11948 11908 5319 497 351 321 9979 126 17319
is_linear=0
shrinkage=0.1


Tree=13
num_leaves=31
num_cat=0
split_feature=39 39 39 39 11 39 39 17 8 39 24 40 16 17 7 28 18 9 35 40 40 17 39 40 5 40 37 34 28 39
split_gain=5.71523e+12 2.12729e+12 1.32241e+12 9.77851e+11 3.63368e+11 2.21027e+11 2.05778e+11 1.70087e+11 1.5108e+11 1.24536e+11 1.08753e+11 1.05123e+11 9.57519e+10 8.6539e+10 8.00518e+10 7.90898e+10 7.49563e+10 7.04285e+10 6.94908e+10 6.51846e+10 6.19301e+10 5.47256e+10 5.46782e+10 5.27377e+10 8.81177e+10 4.7105e+10 4.64564e+10 4.49187e+10 1.17848e+11 4.57314e+10
threshold=76483.516483516505 252285.71428571432 40428.571428571442 126521.97802197804 582500.00000000012 59532.967032967041 18461.538461538468 168500.00000000003 -14499.999999999998 91686.81318681319 282500.00000000006 145383.33333333334 511000.00000000006 990500.00000000012 68500.000000000015 62500.000000000007 43500.000000000007 166500.00000000003 504500.00000000006 121683.33333333336 31283.333333333339 78500.000000000015 48697.802197802208 85816.666666666672 10.500000000000002 108650.00000000001 124500.00000000001 8500.0000000000018 82500.000000000015 115593.4065934066
decision_type=2 2 2 2 8 2 2 10 10 2 8 10 10 8 10 8 8 8 8 8 8 8 2 10 2 10 10 8 10 2
left_child=2 3 6 9 10 20 -1 14 13 25 18 27 -12 -6 16 -9 -5 19 -3 26 -4 -16 -22 -7 -25 -2 -18 28 -11 -29
right_child=1 4 5 7 8 23 -8 15 -10 11 12 -13 -14 -15 21 -17 17 -19 -20 -21 22 -23 -24 24 -26 -27 -28 29 -30 -31
leaf_value=-1197.9644845296341 751.31738708158548 2019.6989487420947 2732.3674370334984 7339.055522303428 9370.3405168805821 300.5459243475795 -672.87274642428883 8692.7788016534614 23181.772181919645 9898.5439131303283 8161.4147381046851 -3924.7011950041119 14474.678623383621 17648.772820779552 -3458.091355985754 3580.2865992198058 3393.186834161932 3340.6201719426954 8957.4339072487564 2014.6658004231431 -324.72281964759486 1113.1487739161441 -56.024267207262454 2539.3720233623799 -4525.5272488680757 -3991.5652279808405 8530.8611541748051 1175.6052241173156 1724.8959122046997 1770.5573643555695
leaf_weight=10980 7360 42 73 31 28 15413 23302 31 21 22 140 38 29 23 34 1266 66 614 22 2090 14439 114 15927 26 55 21 24 5413 89 1697
leaf_count=10980 7360 42 73 31 28 15413 23302 31 21 22 140 38 29 23 34 1266 66 614 22 2090 14439 114 15927 26 55 21 24 5413 89 1697
internal_value=0 1549.05 -371.065 1415.42 9833.98 -20.292 -841.052 2746.94 16043.2 1027.06 7915.26 1321.16 9244.76 13103.8 2330.08 3702.48 2448.85 2394.59 4404.55 2128.14 -176.796 62.999 -183.79 287.171 -2257.78 737.823 4763.23 1348.77 3344.9 1317.61
internal_weight=0 19215 80215 18910 305 45933 34282 4270 72 14640 233 7259 169 51 2973 1297 2825 2794 64 2180 30439 148 30366 15494 81 7381 90 7221 111 7110
internal_count=99430 19215 80215 18910 305 45933 34282 4270 72 14640 233 7259 169 51 2973 1297 2825 2794 64 2180 30439 148 30366 15494 81 7381 90 7221 111 7110
is_linear=0
shrinkage=0.1


Tree=14
num_leaves=31
num_cat=0
split_feature=39 39 39 39 10 39 39 10 38 17 23 40 5 24 21 39 10 9 42 41 40 5 40 40 41 41 10 6 31 10
split_gain=4.63577e+12 1.65847e+12 1.21902e+12 6.80884e+11 3.52229e+11 2.30711e+11 2.00577e+11 1.62002e+11 9.75518e+10 9.39986e+10 9.87783e+10 8.34672e+10 8.1302e+10 8.05406e+10 7.63838e+10 7.55214e+10 7.2676e+10 7.42816e+10 5.55975e+10 5.13817e+10 7.22727e+10 5.56998e+10 5.07604e+10 4.78126e+10 4.96953e+10 4.70533e+10 5.23994e+10 4.4899e+10 5.26396e+10 4.35395e+10
threshold=81582.417582417591 252285.71428571432 43609.890109890119 145791.20879120883 594000.00000000012 28780.219780219784 61923.076923076929 113500.00000000001 663000.00000000012 1.0000000180025095e-35 286500.00000000006 157100.00000000003 12.500000000000002 282500.00000000006 inf 200807.69230769234 236500.00000000003 275000.00000000006 11500.000000000002 57928.571428571435 135583.33333333334 8.5000000000000018 52216.666666666679 31283.333333333339 79357.142857142884 135785.71428571432 133500.00000000003 5.5000000000000009 1.0000000180025095e-35 102500.00000000001
decision_type=2 2 2 2 8 2 2 8 10 8 10 10 2 8 8 2 10 10 10 8 8 2 10 8 10 8 8 2 8 10
left_child=2 3 5 7 13 18 23 19 14 -5 15 -9 -13 -3 -6 25 -15 -18 -1 20 21 -2 -7 -4 -25 -11 -27 -21 -29 -8
right_child=1 4 6 9 8 22 29 11 -10 10 -12 12 -14 16 -16 -17 17 -19 -20 27 -22 -23 -24 24 -26 26 -28 28 -30 -31
leaf_value=-1216.9723471652712 1948.2245785667783 4029.2193452835086 2459.1306687969054 -1690.6663755904797 22488.162779017861 -460.56855333961323 315.2167940322509 1652.6308404071865 10231.514042154949 4539.5217651809471 9854.8304478236605 1023.1009689331055 -6626.2658365885427 13693.492682175409 13959.009705171133 4472.3693917052387 3372.7091552734378 8613.4595893923979 -843.06776720100606 762.90105147829229 -656.37293395996096 8815.0504900896995 -3217.5909498072383 -97.016161825999149 -2865.2639520733173 1116.4279654451695 2806.7058102938586 6054.0191935221355 1323.937004692764 1138.7016744923485
leaf_weight=5634 21 64 73 43 21 20307 14884 4597 24 138 21 33 24 21 21 292 35 119 13520 7533 27 27 67 27983 65 205 1741 24 1195 671
leaf_count=5634 21 64 73 43 21 20307 14884 4597 24 138 21 33 24 21 21 292 35 119 13520 7533 27 27 67 27983 65 205 1741 24 1195 671
internal_value=0 1546.21 -301.534 1406.28 8850.58 -703.882 62.6025 1128.06 15317.4 2943.43 3026.57 1605.47 -2197.69 7064.77 18223.6 2966.22 8174.91 7422.38 -953.049 876.349 3482.63 5810.81 -469.635 -96.7792 -103.431 2755.18 2628.64 854.014 1417.06 350.74
internal_weight=0 16226 83204 15921 305 39528 43676 13481 66 2440 2397 4654 57 239 42 2376 175 154 19154 8827 75 48 20374 28121 28048 2084 1946 8752 1219 15555
internal_count=99430 16226 83204 15921 305 39528 43676 13481 66 2440 2397 4654 57 239 42 2376 175 154 19154 8827 75 48 20374 28121 28048 2084 1946 8752 1219 15555
is_linear=0
shrinkage=0.1


Tree=15
num_leaves=31
num_cat=0
split_feature=39 39 39 39 10 10 39 24 23 10 38 24 40 10 9 5 21 39 41 7 41 40 5 10 41 40 24 40 7 38
split_gain=3.77028e+12 1.25904e+12 1.18315e+12 4.29892e+11 2.85305e+11 2.31274e+11 2.0748e+11 8.82022e+10 1.25537e+11 8.6545e+10 7.9017e+10 6.57883e+10 6.43718e+10 6.37272e+10 7.55945e+10 6.23636e+10 6.18709e+10 5.19284e+10 4.86983e+10 6.22088e+10 4.68932e+10 4.58894e+10 4.34322e+10 4.34069e+10 4.6078e+10 4.33697e+10 4.26947e+10 5.3449e+10 7.93849e+10 4.35982e+10
threshold=89961.538461538483 252285.71428571432 46115.384615384624 145791.20879120883 594000.00000000012 23500.000000000004 67950.549450549457 21500.000000000004 266500.00000000006 119500.00000000001 663000.00000000012 330000.00000000006 157100.00000000003 238500.00000000003 286500.00000000006 12.500000000000002 inf 187060.43956043958 19928.571428571431 3500.0000000000005 138785.71428571432 97650.000000000015 19.500000000000004 53500.000000000007 81071.428571428594 94083.333333333358 85500.000000000015 87416.666666666672 8500.0000000000018 198500.00000000003
decision_type=2 2 2 2 8 10 2 8 10 8 10 8 10 10 10 2 8 2 8 10 8 10 2 8 10 8 8 8 10 10
left_child=2 3 5 9 11 -1 18 -5 17 26 16 -3 25 -13 -15 -14 -6 20 19 -4 -9 -8 -16 -20 -25 -11 -2 28 -28 -29
right_child=1 4 6 7 10 -7 21 8 -10 12 -12 13 15 14 22 -17 -18 -19 23 -21 -22 -23 -24 24 -26 -27 27 29 -30 -31
leaf_value=-883.29889311235809 290.43492277493311 4261.091419783882 974.04394919002755 -2068.372501471104 20239.346744791666 -414.1274503204437 496.15141057501296 4016.6459007697772 8670.8833705357156 4219.3486665271585 9208.3626078287762 12917.577616729737 920.79085138494327 2257.0066517421178 9830.7284161376956 -5952.7214754971592 12563.108696056548 3462.6933876705334 -162.73111999262369 6870.1224047851565 2212.3632950561755 -2188.420148974657 5544.1041100135226 98.558128363416515 -1691.1667016022782 1571.2292299141393 1073.4347661972047 994.26803970805076 8986.0887276785706 4485.9260211520732
leaf_weight=17224 860 92 170 39 21 26940 12502 158 35 63 24 20 33 28 60 22 21 577 11602 20 1631 64 39 18197 145 3376 32 5378 21 36
leaf_count=17224 860 92 170 39 21 26940 12502 158 35 63 24 20 33 28 60 22 21 577 11602 20 1631 64 39 18197 145 3376 32 5378 21 36
internal_value=0 1619.01 -234.211 1461.14 7965.52 -597.105 141.125 2649.09 2725.72 1165.99 13785.6 6358.29 1565.46 7670.83 6844.57 -1828.61 16401.2 2637.77 -1.22033 1594.68 2371.71 482.479 8142.06 -11.3466 84.4097 1619.74 945.393 1048.42 4208.64 1017.49
internal_weight=0 12566 86864 12261 305 44164 42700 2440 2401 9821 66 239 3494 147 127 55 42 2366 30134 190 1789 12566 99 29944 18342 3439 6327 5467 53 5414
internal_count=99430 12566 86864 12261 305 44164 42700 2440 2401 9821 66 239 3494 147 127 55 42 2366 30134 190 1789 12566 99 29944 18342 3439 6327 5467 53 5414
is_linear=0
shrinkage=0.1


Tree=16
num_leaves=31
num_cat=0
split_feature=39 39 39 39 11 39 8 42 8 39 30 22 40 39 17 40 30 17 6 1 31 17 12 1 34 32 37 24 28 42
split_gain=3.0681e+12 1.12839e+12 7.38036e+11 5.46868e+11 2.13222e+11 1.46569e+11 1.04551e+11 1.04482e+11 9.93713e+10 9.59028e+10 8.86234e+10 7.50353e+10 7.05436e+10 8.16703e+10 5.9843e+10 5.45328e+10 5.61517e+10 5.42011e+10 5.19426e+10 5.12321e+10 4.69993e+10 4.92891e+10 4.69536e+10 4.67566e+10 4.62123e+10 4.90538e+10 8.03957e+10 4.40119e+10 4.3686e+10 5.62767e+10
threshold=76483.516483516505 252285.71428571432 37868.131868131873 126521.97802197804 582500.00000000012 52807.692307692312 -14499.999999999998 178833.33333333334 149500.00000000003 16554.945054945059 281500.00000000006 459500.00000000006 145383.33333333334 101494.50549450552 990500.00000000012 106616.66666666667 88500.000000000015 168500.00000000003 2.5000000000000004 223500.00000000003 90500.000000000015 75500.000000000015 96500.000000000015 448500.00000000006 63500.000000000007 59500.000000000007 95500.000000000015 279500.00000000006 101500.00000000001 164166.66666666672
decision_type=2 2 2 2 8 2 10 8 10 2 8 10 10 2 8 8 10 10 2 2 8 10 10 2 8 10 10 10 10 10
left_child=2 3 9 12 10 -4 14 15 -9 -1 27 19 13 24 -6 16 -5 20 -13 -12 21 -17 -18 -21 25 26 -2 -3 -15 -30
right_child=1 4 5 7 6 -7 -8 8 -10 -11 11 18 -14 28 -16 17 22 -19 -20 23 -22 -23 -24 -25 -26 -27 -28 -29 29 -31
leaf_value=-924.41578178362602 1689.3763014920555 -310.68906565020166 -208.85623564441801 902.79296452448932 6375.5111153738844 135.93677220897857 17863.834701283773 2660.9465758993138 8306.8432434082042 -539.91027415675978 9869.4510742187504 13535.175059442936 -3555.7957288240136 1438.5190742852435 13259.637899116849 -3800.1354743726329 10311.197158203126 2551.0174933050675 7121.5413173130582 3369.2504940417407 1546.2543658960042 810.19969533284507 3540.9901030040924 8250.6302931565497 551.46491585431443 926.81318023458653 6967.2921878212383 5462.7855487325924 861.39287315111562 -3574.3912172514815
leaf_weight=9272 120 31 24034 26 28 25315 21 1208 32 21594 22 23 38 2183 23 33 20 548 28 80 2304 78 21 26 9672 479 38 23 2081 29
leaf_count=9272 120 31 24034 26 28 25315 21 1208 32 21594 22 23 38 2183 23 33 20 548 28 80 2304 78 21 26 9672 479 38 23 2081 29
internal_value=0 1134.97 -271.875 1037.65 7168.97 -31.9847 11925.4 2033.4 2806.65 -655.414 5699.18 6770.37 747.217 758.415 9480.12 1716.96 4538.17 1653.16 10014 5478 1449.42 -560.44 6843.53 4566.57 605.8 1430.81 2958.75 2148.38 1124.9 800.427
internal_weight=0 19215 80215 18910 305 49349 72 4270 1240 30866 233 179 14640 14602 51 3030 67 2963 51 128 2415 111 41 106 10309 637 158 54 4293 2110
internal_count=99430 19215 80215 18910 305 49349 72 4270 1240 30866 233 179 14640 14602 51 3030 67 2963 51 128 2415 111 41 106 10309 637 158 54 4293 2110
is_linear=0
shrinkage=0.1


Tree=17
num_leaves=31
num_cat=0
split_feature=39 39 39 39 10 39 10 10 8 19 16 31 37 7 17 40 36 19 29 20 16 27 10 39 8 30 17 20 16 40
split_gain=2.49921e+12 8.53493e+11 7.15334e+11 3.29408e+11 1.86175e+11 1.71876e+11 1.13938e+11 7.91805e+10 6.82276e+10 7.4639e+10 1.14683e+11 6.67023e+10 6.12121e+10 6.0849e+10 5.8684e+10 5.10457e+10 5.10448e+10 6.32288e+10 5.13979e+10 5.31335e+10 5.07692e+10 4.89566e+10 4.35745e+10 4.12779e+10 3.75615e+10 3.55992e+10 1.3674e+11 3.5094e+10 3.49447e+10 3.38639e+10
threshold=85637.362637362647 252285.71428571432 46115.384615384624 145791.20879120883 594000.00000000012 29582.417582417587 65500.000000000007 119500.00000000001 288500.00000000006 543500.00000000012 511000.00000000006 288000.00000000006 895000.00000000012 134500.00000000003 1.0000000180025095e-35 51950.000000000007 67500.000000000015 88500.000000000015 178500.00000000003 158500.00000000003 227500.00000000003 5500.0000000000009 14500.000000000002 200807.69230769234 66500.000000000015 202500.00000000003 88500.000000000015 263500.00000000006 279500.00000000006 30883.333333333339
decision_type=2 2 2 2 8 2 10 8 8 10 10 10 8 8 8 10 8 10 10 10 8 8 10 2 10 10 10 10 10 8
left_child=2 3 5 7 8 22 29 25 9 10 20 14 -6 -14 -5 -7 17 -9 -18 -20 -3 -8 -1 27 28 -2 -27 -16 -22 -4
right_child=1 4 6 11 12 15 21 16 -10 -11 -12 -13 13 -15 23 -17 18 -19 19 -21 24 -23 -24 -25 -26 26 -28 -29 -30 -31
leaf_value=-864.62043247352995 688.04068617320445 10148.383432617187 2323.5199221251441 -1592.357650030227 6846.7206526322807 -289.8425404945433 1310.2723825688672 8602.9776745605468 -437.23827087402344 -159.00654785156252 13058.834348366479 7773.292223993938 16701.791008504235 9233.3090637207042 2067.0914843951005 -2039.1570212591262 1283.6111310277629 2184.6798355102542 383.67158093196093 -4456.2094767252602 1840.5524948459204 284.47896780973082 -569.99576339796727 3294.2046826129927 8192.776066984954 8366.1700578962063 -655.61409824916291 -1779.0340189615888 5286.802602898093 -35.384698183799287
leaf_weight=8870 7931 20 61 42 22 23561 481 20 20 20 22 21 24 20 2062 168 3441 66 93 30 45 14214 11565 291 27 28 42 24 85 26114
leaf_count=8870 7931 20 61 42 22 23561 481 20 20 20 22 21 24 20 2062 168 3441 66 93 30 45 14214 11565 291 27 28 42 24 85 26114
internal_value=0 1218.48 -206.285 1105.2 6452.07 -485.299 95.2171 883.934 5153.75 5664.34 6249.6 2161.73 11153.6 13307 2113.01 -302.228 1269.9 3677.31 1211.81 -796.787 5403.25 318.055 -697.88 2178.49 4798.78 707.857 2953.1 2022.84 4093.87 -29.8873
internal_weight=0 14396 85034 14091 305 44164 40870 11651 239 219 199 2440 66 44 2419 23729 3650 86 3564 123 177 14695 20435 2377 157 8001 70 2086 130 26175
internal_count=99430 14396 85034 14091 305 44164 40870 11651 239 219 199 2440 66 44 2419 23729 3650 86 3564 123 177 14695 20435 2377 157 8001 70 2086 130 26175
is_linear=0
shrinkage=0.1


Tree=18
num_leaves=31
num_cat=0
split_feature=39 39 39 39 1 35 39 7 41 1 23 39 27 41 28 12 16 39 17 40 5 7 31 28 9 23 29 11 27 16
split_gain=2.03887e+12 7.67587e+11 4.33004e+11 3.54002e+11 2.64195e+11 1.51483e+11 8.46388e+10 7.94698e+10 7.35862e+10 7.05007e+10 6.61897e+10 5.99034e+10 6.25126e+10 7.93239e+10 5.77138e+10 5.70097e+10 7.04649e+10 5.21252e+10 5.10451e+10 5.03432e+10 8.0031e+10 4.75319e+10 4.59716e+10 4.26642e+10 4.82941e+10 5.58676e+10 4.23151e+10 4.91378e+10 4.20758e+10 4.50345e+10
threshold=70879.120879120892 200807.69230769234 35324.175824175829 120565.93406593408 373000.00000000006 527000.00000000012 51846.153846153851 -241499.99999999997 76500.000000000015 156500.00000000003 314500.00000000006 158895.60439560443 126500.00000000001 179642.85714285719 156500.00000000003 448500.00000000006 655500.00000000012 12170.329670329673 59500.000000000007 77950.000000000015 17.500000000000004 120500.00000000001 90500.000000000015 109500.00000000001 161500.00000000003 138500.00000000003 57500.000000000007 157500.00000000003 7500.0000000000009 139500.00000000003
decision_type=2 2 2 2 2 8 2 10 8 2 10 2 10 10 8 10 8 2 8 10 2 10 8 8 10 10 8 10 10 10
left_child=2 3 17 22 9 -6 -4 -7 -5 -3 11 12 18 -14 -13 -9 -17 -1 -10 -8 -21 -11 28 24 -20 -26 -24 -28 29 -2
right_child=1 4 6 8 5 7 19 15 10 21 -12 14 13 -15 -16 16 -18 -19 23 20 -22 -23 26 -25 25 -27 27 -29 -30 -31
leaf_value=-855.38940020782888 1113.72056466043 7353.1195421006942 -195.02449487874779 5977.2339794582795 3339.8797996826174 15695.087727050781 76.153835498406906 13226.561937895276 -928.85350261590418 2992.5062893474947 7180.9627844238275 3795.9324511337286 871.69187314371686 -3432.2882447676225 1757.8834071303861 3200.8719407301687 9921.7228340344554 -502.59114275678451 2227.0798877398174 688.45326578776042 -5275.5511197916676 -1783.0236294833096 1781.357257782274 1519.3890504672336 2547.419855753581 9523.9884277343754 635.9346101289035 -799.23697955412945 237.17690386810966 5733.1763151749328
leaf_weight=5185 256 36 26352 36 50 20 23090 21 78 396 20 160 1599 44 1056 26 39 21777 168 45 45 22 314 1795 24 22 10712 244 5775 23
leaf_count=5185 256 36 26352 36 50 20 23090 21 78 396 20 160 1599 44 1056 26 39 21777 168 45 45 22 314 1795 24 22 10712 244 5775 23
internal_value=0 826.972 -247.96 731.349 4326.79 7877.07 -72.4241 10017.3 1472.4 3106.87 1439.75 1416.53 1217.82 756.43 2026.05 8696.83 7233.38 -570.437 1581.06 66.9531 -2293.55 2741.16 517.383 1678.51 3013.16 5884.04 636.776 603.972 295.123 1494.54
internal_weight=0 22936 76494 22326 610 156 49532 106 5002 454 4966 4946 3730 1643 1216 86 65 26962 2087 23180 90 418 17324 2009 214 46 11270 10956 6054 279
internal_count=99430 22936 76494 22326 610 156 49532 106 5002 454 4966 4946 3730 1643 1216 86 65 26962 2087 23180 90 418 17324 2009 214 46 11270 10956 6054 279
is_linear=0
shrinkage=0.1


Tree=19
num_leaves=31
num_cat=0
split_feature=42 23 42 42 18 28 30 17 9 28 42 38 20 24 17 38 9 9 13 34 37 18 16 40 9 5 13 24 9 17
split_gain=1.41215e+12 5.02523e+11 4.41528e+11 1.72367e+11 1.39068e+11 1.23644e+11 1.16595e+11 9.43251e+10 1.00663e+11 7.65285e+10 5.8473e+10 5.09523e+10 4.69089e+10 4.32272e+10 4.53868e+10 4.24983e+10 4.89842e+10 4.12703e+10 3.81288e+10 3.74445e+10 3.68929e+10 3.56236e+10 4.49866e+10 3.45376e+10 3.40187e+10 3.32111e+10 3.23729e+10 3.1781e+10 3.1731e+10 3.01581e+10
threshold=95166.666666666672 362000.00000000006 55166.666666666679 152166.66666666672 30500.000000000004 103500.00000000001 344500.00000000006 233500.00000000003 435500.00000000006 543500.00000000012 66833.333333333358 180500.00000000003 292500.00000000006 127500.00000000001 184500.00000000003 10500.000000000002 119500.00000000001 114500.00000000001 185500.00000000003 728000.00000000012 129500.00000000001 474500.00000000006 230500.00000000003 50783.333333333336 243500.00000000003 19.500000000000004 149500.00000000003 87500.000000000015 259500.00000000003 85500.000000000015
decision_type=10 10 8 10 8 10 10 8 10 10 10 10 10 10 10 8 10 10 10 10 10 8 10 10 10 2 10 8 10 8
left_child=2 3 4 13 15 -3 -7 12 21 25 24 18 17 29 -15 23 -17 -5 26 -11 -16 28 -23 -1 -4 -8 -6 -12 -9 -2
right_child=1 5 10 7 11 6 9 8 -10 19 27 -13 -14 14 20 16 -18 -19 -20 -21 -22 22 -24 -25 -26 -27 -28 -29 -30 -31
leaf_value=-803.74068226731697 138.8180222491745 13668.143422444664 26.658418628973294 -716.60667794468895 -193.54708826455169 -1160.2730895996094 7497.6056906960221 2676.7646833939989 8246.2004290956447 13565.378413085937 173.34497639145548 3862.2275266339707 -2987.8917663574221 1102.405656893397 1636.7585859571186 -463.68757054635256 3722.637052263533 1565.6784316256942 -3643.9978172302249 7519.4755254836318 5557.4780927385609 2121.0832126080045 -2806.2390771484374 -3080.9878277946923 3718.0046406250003 2263.4499339916088 2893.6121917724613 463.5081909616971 5133.123652343751 754.75330336534853
leaf_weight=3234 927 24 18323 83 35536 20 22 176 33 20 8961 31 24 1660 56 15829 28 1745 32 21 42 252 20 68 25 27 34 6522 75 5580
leaf_count=3234 927 24 18323 83 35536 20 22 176 33 20 8961 31 24 1660 56 15829 28 1745 32 21 42 252 20 68 25 27 34 6522 75 5580
internal_value=0 1079.2 -131.601 1002.79 -306.991 7164.98 5746.11 1747.31 2889.58 7280.86 152.457 -190.172 1404.39 785.877 1225.86 -524.259 -456.295 1462.05 -193.7 10468.7 3317.07 2551.59 1758.78 -850.637 31.688 4613.48 -190.596 295.572 3410.74 667.006
internal_weight=0 10807 88623 10673 54792 134 110 2408 556 90 33831 35633 1852 8265 1758 19159 15857 1828 35602 41 98 523 272 3302 18348 49 35570 15483 251 6507
internal_count=99430 10807 88623 10673 54792 134 110 2408 556 90 33831 35633 1852 8265 1758 19159 15857 1828 35602 41 98 523 272 3302 18348 49 35570 15483 251 6507
is_linear=0
shrinkage=0.1


Tree=20
num_leaves=31
num_cat=0
split_feature=39 39 39 39 39 4 22 39 38 8 22 4 26 40 5 24 24 41 38 40 39 40 37 11 40 42 40 34 28 24
split_gain=1.39035e+12 4.56068e+11 4.3636e+11 1.48855e+11 1.17622e+11 1.05577e+11 1.10938e+11 7.36452e+10 5.83241e+10 5.6617e+10 6.1887e+10 9.55855e+10 5.2736e+10 5.2308e+10 5.55124e+10 5.01196e+10 4.75047e+10 4.63265e+10 4.33542e+10 3.96463e+10 3.9107e+10 5.45752e+10 4.25216e+10 3.75044e+10 3.73714e+10 3.64501e+10 3.43175e+10 3.42421e+10 9.33721e+10 3.60757e+10
threshold=91686.81318681319 48252.747252747264 252285.71428571432 145791.20879120883 31840.659340659342 55.950833515000006 800500.00000000012 66076.923076923093 280500.00000000006 590500.00000000012 459500.00000000006 55.543903175000004 448500.00000000006 157100.00000000003 12.500000000000002 84500.000000000015 376000.00000000006 128071.42857142859 59500.000000000007 77950.000000000015 120565.93406593408 106616.66666666667 115500.00000000001 449500.00000000006 51950.000000000007 183833.33333333334 108650.00000000001 8500.0000000000018 85500.000000000015 87500.000000000015
decision_type=2 2 2 2 2 2 10 2 10 8 8 2 10 10 2 8 8 8 10 10 2 8 10 10 10 8 10 8 10 8
left_child=1 4 3 13 -1 9 -7 19 15 10 12 -12 16 20 -15 18 -4 -17 -5 -3 27 22 -22 -13 -6 -19 -9 28 -2 -29
right_child=2 7 5 8 24 6 -8 26 -10 -11 11 23 -14 14 -16 17 -18 25 -20 -21 21 -23 -24 -25 -26 -27 -28 29 -30 -31
leaf_value=-510.17734411053743 8389.4413859049491 10.406771535473034 2838.6104313882552 -3420.9812104096291 -185.0180324036734 12025.595765516495 3354.3182395019535 292.60207031689623 6859.4236456008193 -791.45147501627616 11609.621445312499 1900.1791440963746 -1515.2445146040484 553.16913546393903 -5459.5688755580359 3761.6975556344696 8126.2251953125005 1218.4185315093596 1605.5049995422364 -4055.9746297200527 2283.1040630340576 989.69638240963548 7680.8070874023442 6780.5818999505809 -1488.2171239904455 2037.6814683907933 -3752.6907761346724 -29.877623557352532 747.51579562514576 680.19326288167974
leaf_weight=22692 21 24498 89 37 25032 36 25 15107 21 24 25 32 22 34 28 99 21 1336 32 24 54 2731 20 31 222 915 21 827 67 5307
leaf_count=22692 21 24498 89 37 25032 36 25 15107 21 24 25 32 22 34 28 99 21 1336 32 24 54 2731 20 31 222 915 21 827 67 5307
internal_value=0 -137.444 1017.37 918.604 -344.944 4750.76 8471.79 113.471 1612.11 3820.5 4323.62 6377.78 2954.18 732.429 -2162.26 1566.55 3848.06 1644.55 -1089.86 6.42695 752.31 1062.3 3741.94 4301.65 -196.474 1551.44 286.987 612.558 2571.16 584.46
internal_weight=0 87596 11834 11529 47946 305 61 39650 2440 244 220 88 132 9089 62 2419 110 2350 69 24522 9027 2805 74 63 25254 2251 15128 6222 88 6134
internal_count=99430 87596 11834 11529 47946 305 61 39650 2440 244 220 88 132 9089 62 2419 110 2350 69 24522 9027 2805 74 63 25254 2251 15128 6222 88 6134
is_linear=0
shrinkage=0.1


Tree=21
num_leaves=31
num_cat=0
split_feature=42 23 42 42 28 34 38 17 21 17 8 30 6 20 22 2 31 2 12 22 12 41 31 28 8 17 41 6 41 41
split_gain=9.27403e+11 3.57799e+11 2.02793e+11 1.8359e+11 7.40652e+10 1.16537e+11 6.99609e+10 6.49583e+10 6.30043e+10 5.49418e+10 5.41271e+10 4.95124e+10 4.33129e+10 3.81611e+10 3.7183e+10 7.38656e+10 3.50491e+10 3.37098e+10 5.58959e+10 3.3401e+10 3.6017e+10 3.26311e+10 3.2411e+10 4.21084e+10 3.21988e+10 3.4528e+10 6.01163e+10 2.92559e+10 3.61974e+10 2.74425e+10
threshold=77166.666666666672 362000.00000000006 37500.000000000007 152166.66666666672 98500.000000000015 317500.00000000006 58500.000000000007 233500.00000000003 222500.00000000003 104500.00000000001 74500.000000000015 65500.000000000007 5.5000000000000009 315500.00000000006 800500.00000000012 1158500.0000000002 483500.00000000006 510000.00000000006 95500.000000000015 297500.00000000006 448500.00000000006 24071.428571428576 147500.00000000003 105500.00000000001 82500.000000000015 14500.000000000002 46214.285714285717 5.5000000000000009 142071.42857142861 90214.285714285725
decision_type=10 10 8 10 10 8 8 8 10 8 10 10 2 10 10 2 10 2 10 10 10 8 10 10 10 8 10 2 10 10
left_child=2 3 8 9 -3 -6 29 13 11 -2 19 24 21 27 15 -7 -17 -13 -19 20 -9 -8 -23 -24 25 26 -1 -5 -29 -4
right_child=1 4 6 7 5 14 12 10 -10 -11 -12 17 -14 -15 -16 16 -18 18 -20 -21 -22 22 23 -25 -26 -27 -28 28 -30 -31
leaf_value=-554.29089508800905 314.67681884378624 10531.478003868691 -198.1193081140089 1004.7397422442282 -2309.5920809936524 11357.997014250579 4042.7494845581055 2006.3094979887287 4990.5507523970173 687.42893819162089 5120.3554094587053 162.98532416060732 322.93400906488648 -3216.7131665039065 2645.2868700110394 1768.6728335425969 7618.001213378906 889.49841026893034 6228.110392089844 5646.1786336263031 -2330.816181640625 -3.5263421772526566 632.61662484783028 5461.0173217773445 208.24231067837087 -332.3406703790356 -3344.7626520401391 5524.412744794573 1735.912034414697 -3449.6055121788613
leaf_weight=7560 9127 26 15827 1550 20 27 20 449 22 6977 63 546 4964 20 23 21 20 91 25 24 20 30923 73 24 892 19710 78 28 254 26
leaf_count=7560 9127 26 15827 1550 20 27 20 449 22 6977 63 546 4964 20 23 21 20 91 25 24 20 30923 73 24 892 19710 78 28 254 26
internal_value=0 635.627 -146.74 597.946 5727.27 4601.96 -28.4094 1412.34 -358.892 476.17 2360.26 -362.964 48.664 1127.76 6120.99 7296.59 4622 491.899 2040.06 2007.56 1821.36 4.80204 2.19859 1827.27 -383.003 -402.288 -582.787 1175.19 2112.08 -203.452
internal_weight=0 18649 80781 18512 137 111 51857 2408 28924 16104 556 28902 36004 1852 91 68 41 662 116 493 469 31040 31020 97 28240 27348 7638 1832 282 15853
internal_count=99430 18649 80781 18512 137 111 51857 2408 28924 16104 556 28902 36004 1852 91 68 41 662 116 493 469 31040 31020 97 28240 27348 7638 1832 282 15853
is_linear=0
shrinkage=0.1


Tree=22
num_leaves=31
num_cat=0
split_feature=39 39 39 39 9 24 41 1 39 27 19 13 13 39 41 42 38 13 1 41 21 33 16 19 27 5 7 13 18 8
split_gain=9.49766e+11 3.44567e+11 2.35214e+11 1.43148e+11 1.26223e+11 9.40326e+10 5.99133e+10 5.57666e+10 5.36353e+10 4.70026e+10 5.95633e+10 8.80722e+10 5.31887e+10 5.14984e+10 7.97106e+10 3.97745e+10 3.95999e+10 3.88185e+10 3.76422e+10 3.63674e+10 3.85763e+10 3.58017e+10 3.40818e+10 3.31906e+10 5.58105e+10 4.07214e+10 2.87498e+10 4.48214e+10 2.99802e+10 3.3119e+10
threshold=75104.395604395613 200807.69230769234 35324.175824175829 120565.93406593408 468500.00000000006 868500.00000000012 76500.000000000015 590500.00000000012 53241.758241758253 126500.00000000001 57500.000000000007 86500.000000000015 282500.00000000006 135483.51648351652 179642.85714285719 10833.333333333334 45500.000000000007 161500.00000000003 546500.00000000012 17642.857142857149 21500.000000000004 497500.00000000006 453000.00000000006 1.0000000180025095e-35 32500.000000000004 28.500000000000004 -16499.999999999996 189500.00000000003 247500.00000000003 -103499.99999999999
decision_type=2 2 2 2 8 8 8 2 2 10 8 10 10 2 10 10 8 10 2 8 8 8 10 10 8 2 10 10 10 8
left_child=2 3 15 26 22 7 -5 21 19 10 11 -8 16 14 -11 -1 -12 23 -7 20 -4 -6 -3 24 25 -10 -2 28 29 -28
right_child=1 4 8 6 5 18 9 -9 17 13 12 -13 -14 -15 -16 -17 -18 -19 -20 -21 -22 -23 -24 -25 -26 -27 27 -29 -30 -31
leaf_value=-631.13463090590687 629.84904148795704 2028.0238173540902 2396.6383691195688 5068.5547509087455 2579.4810494162821 5888.7856912364132 8597.4243689643026 -644.25101052989135 1511.8078470910098 225.67215807199477 -2321.9106562460624 1683.366704204165 -3949.1237695312502 991.99128161381293 -4718.0784841200884 -332.47144009341241 1275.3588209556024 -2255.00305791237 11228.148675340222 -132.54714238733234 -490.4785733309659 8284.4759033203136 5506.9780269368493 26.23447133380575 260.88313642385981 6040.4106735229498 -547.25796421264931 -1725.6190344351312 4189.9130114746094 350.59819946456673
leaf_weight=5638 3537 459 116 36 22 23 27 23 115 800 31 58 20 1613 34 21324 2383 71 31 28599 77 22 30 18761 4758 24 428 108 20 10242
leaf_count=5638 3537 459 116 36 22 23 27 23 115 800 31 58 20 1613 34 21324 2383 71 31 28599 77 22 30 18761 4758 24 428 108 20 10242
internal_value=0 616.947 -154.829 543.128 2957.01 5848.79 1003.73 3346.11 -31.5737 974.263 1277.48 3879.6 1186.61 662.119 24.1284 -394.925 1229.16 79.7416 8953.98 -123.315 1244.78 5431.98 2241.46 86.7484 318.585 2293.72 382.407 301.355 321.833 314.583
internal_weight=0 19947 79483 19337 610 121 5002 67 52521 4966 2519 85 2434 2447 834 26962 2414 23729 54 28792 193 44 489 23658 4897 139 14335 10798 10690 10670
internal_count=99430 19947 79483 19337 610 121 5002 67 52521 4966 2519 85 2434 2447 834 26962 2414 23729 54 28792 193 44 489 23658 4897 139 14335 10798 10690 10670
is_linear=0
shrinkage=0.1


Tree=23
num_leaves=31
num_cat=0
split_feature=39 39 10 39 16 10 13 28 3 10 13 13 24 1 6 18 41 5 22 7 30 29 1 41 10 14 2 34 28 40
split_gain=7.80736e+11 2.58872e+11 2.50241e+11 1.28056e+11 1.05439e+11 7.24201e+10 6.58444e+10 6.64435e+10 6.40871e+10 5.7035e+10 5.18337e+10 4.98089e+10 4.94246e+10 5.19724e+10 4.76123e+10 5.84954e+10 4.42383e+10 5.3755e+10 6.20046e+10 4.02861e+10 3.75855e+10 3.59258e+10 3.47828e+10 4.76137e+10 3.80786e+10 3.7064e+10 4.03575e+10 3.48166e+10 1.18555e+11 3.67309e+10
threshold=91686.81318681319 42692.307692307702 392000.00000000006 158895.60439560443 655500.00000000012 64500.000000000007 148500.00000000003 167500.00000000003 37.574974015000002 18500.000000000004 573500.00000000012 160500.00000000003 178500.00000000003 102500.00000000001 2.5000000000000004 456500.00000000006 35642.857142857152 27.500000000000004 39500.000000000007 96500.000000000015 292500.00000000006 37500.000000000007 373000.00000000006 58500.000000000007 80500.000000000015 54500.000000000007 158500.00000000003 1.0000000180025095e-35 85500.000000000015 85816.666666666672
decision_type=2 2 10 2 8 8 10 8 2 10 10 10 8 2 2 8 8 2 10 10 10 8 2 8 8 8 2 8 10 8
left_child=1 9 3 22 8 11 7 -5 -4 -1 -6 16 19 -14 -10 -16 17 -3 -19 -8 -15 -7 23 -2 25 -25 -27 28 -26 -29
right_child=2 5 4 6 10 21 12 -9 14 -11 -12 -13 13 20 15 -17 -18 18 -20 -21 -22 -23 -24 24 27 26 -28 29 -30 -31
leaf_value=-464.74645835643082 3980.8904575254855 604.97833359470621 -399.02630859375 5551.3940143087639 12183.676562500001 864.70464032004861 490.29334959957191 2050.5764850963246 8006.8881249061005 -208.55665915833166 5894.2168566252058 -2248.2616916397246 6630.6027479171753 1346.4708204387712 -1149.6662446521577 6406.9636077880859 -60.211985784403765 8393.7493113708497 519.4508044433594 -4016.2732629685179 4405.5417781648184 166.0963150047549 -3594.3790539550787 -2098.2829323745354 9348.5033160400399 2341.7069148356122 -102.39240487836707 -3677.6258374023441 900.13863347111919 612.65086734108684
leaf_weight=13531 41 385 40 69 20 765 358 253 26 24289 38 103 20 919 21 20 28995 20 20 21 42 19488 20 82 20 75 681 20 98 8950
leaf_count=13531 41 385 40 69 20 765 358 253 26 24289 38 103 20 919 21 20 28995 20 20 21 42 19488 20 82 20 75 681 20 98 8950
internal_value=0 -102.995 762.377 707.696 4629.5 46.8528 1514.91 2800.75 2768.36 -300.215 8063 -53.0514 1210.47 1585.17 4659.33 2536.49 -45.3659 967.484 4456.6 240.589 1480.17 192.484 571.746 580.106 566.058 -78.9504 140.078 625.534 2332.06 603.085
internal_weight=0 87596 11834 11669 165 49776 1682 322 107 37820 58 29523 1360 981 67 41 29420 425 40 379 961 20253 9987 9967 9926 838 756 9088 118 8970
internal_count=99430 87596 11834 11669 165 49776 1682 322 107 37820 58 29523 1360 981 67 41 29420 425 40 379 961 20253 9987 9967 9926 838 756 9088 118 8970
is_linear=0
shrinkage=0.1


Tree=24
num_leaves=31
num_cat=0
split_feature=39 39 21 39 10 10 37 5 1 15 41 30 12 6 20 20 25 20 10 14 41 38 41 7 34 27 39 1 15 8
split_gain=6.43178e+11 2.48779e+11 1.36487e+11 1.32738e+11 8.96066e+10 5.801e+10 5.58349e+10 5.25742e+10 9.89156e+10 6.47177e+10 5.61058e+10 4.65078e+10 1.22889e+11 3.97067e+10 3.58909e+10 3.54277e+10 3.36836e+10 3.88088e+10 3.55511e+10 4.27113e+10 3.24447e+10 3.3141e+10 2.9644e+10 1.07598e+11 2.9604e+10 5.40239e+10 6.26538e+10 3.9221e+10 5.19226e+10 3.18357e+10
threshold=68505.494505494527 158895.60439560443 546500.00000000012 31840.659340659342 103500.00000000001 392000.00000000006 467000.00000000006 9.5000000000000018 497500.00000000006 283500.00000000006 117642.85714285716 202500.00000000003 88500.000000000015 5.5000000000000009 467000.00000000006 127500.00000000001 262500.00000000006 292500.00000000006 109500.00000000001 295500.00000000006 78214.285714285725 59500.000000000007 17642.857142857149 8500.0000000000018 72500.000000000015 48500.000000000007 111313.18681318683 56500.000000000007 76500.000000000015 -135499.99999999997
decision_type=2 2 10 2 8 10 10 2 2 10 10 10 10 2 10 10 10 10 10 10 10 8 8 10 10 8 2 2 10 8
left_child=3 4 7 -1 11 -6 -4 8 9 -3 -9 15 -13 20 16 24 17 18 -12 -20 21 -5 23 -23 25 26 27 28 -2 -27
right_child=1 2 6 13 5 -7 -8 10 -10 -11 14 12 -14 -15 -16 -17 -18 -19 19 -21 -22 22 -24 -25 -26 29 -28 -29 -30 -31
leaf_value=-348.26568886657861 7727.0662255859752 1697.5229604328497 9714.4218044704867 -200.31158199034405 609.81639328462336 6002.2305493164067 3340.9896397181919 6182.1339669363842 8660.6975957455852 6916.0049765624999 -2355.375148059476 7362.4758888244633 -951.68177337646489 151.72404874022828 -2187.0306653594971 -482.5667744256109 2808.9765376024911 -3464.4354266357423 982.59353549814318 5250.7983423868818 -1208.5394966858626 358.77366531970461 -29.337454241601275 7992.235429454985 56.876975322799517 -821.22205014463327 6493.9635292968751 681.81634010206471 828.09852228164675 338.60998434005796
leaf_weight=22692 20 481 27 16487 7933 20 28 21 23 25 31 32 40 7668 35 732 101 20 1014 24 260 153 27383 21 5788 244 25 211 24 7867
leaf_count=22692 20 481 27 16487 7933 20 28 21 23 25 31 32 40 7668 35 732 101 20 1014 24 260 153 27383 21 5788 244 25 211 24 7867
internal_value=0 441.605 1563.66 -146.48 352.08 623.377 6469.77 1411.64 2246.89 1955.35 1057.02 208.075 2743.5 -58.3767 969.163 195.833 1061.99 899.967 981.621 1081.28 -94.7403 -88.1654 -21.0697 1280.05 230.855 350.863 1716.53 1248.15 3963.99 303.719
internal_weight=0 24766 1830 74664 22936 7953 55 1775 529 506 1246 14983 72 51972 1225 14911 1190 1089 1069 1038 44304 44044 27557 174 14179 8391 280 255 44 8111
internal_count=99430 24766 1830 74664 22936 7953 55 1775 529 506 1246 14983 72 51972 1225 14911 1190 1089 1069 1038 44304 44044 27557 174 14179 8391 280 255 44 8111
is_linear=0
shrinkage=0.1


Tree=25
num_leaves=31
num_cat=0
split_feature=39 9 10 10 39 39 23 9 12 14 38 1 26 13 13 7 1 13 30 27 22 37 28 11 23 27 10 8 13 32
split_gain=5.22707e+11 1.84724e+11 1.59541e+11 1.02809e+11 7.10339e+10 5.38587e+10 5.30723e+10 5.54745e+10 4.78207e+10 5.55623e+10 3.91182e+10 6.21776e+10 4.25813e+10 3.84e+10 3.67623e+10 3.57838e+10 6.57284e+10 3.64093e+10 3.51393e+10 3.50186e+10 3.13963e+10 3.61893e+10 3.11441e+10 5.49439e+10 4.47091e+10 3.58727e+10 3.44921e+10 4.54034e+10 3.31915e+10 3.28751e+10
threshold=83862.637362637368 243500.00000000003 51500.000000000007 513500.00000000006 128813.18681318681 27071.428571428576 641500.00000000012 745000.00000000012 422500.00000000006 364000.00000000006 316500.00000000006 396000.00000000006 362000.00000000006 102500.00000000001 159500.00000000003 117500.00000000001 134500.00000000003 62500.000000000007 292500.00000000006 8500.0000000000018 97500.000000000015 82500.000000000015 114500.00000000001 175500.00000000003 210500.00000000003 167500.00000000003 184500.00000000003 24500.000000000004 148500.00000000003 1.0000000180025095e-35
decision_type=2 8 10 10 2 2 8 10 10 10 10 2 10 8 10 10 2 8 10 8 8 10 10 10 10 10 10 10 10 8
left_child=2 4 5 10 15 -1 -5 -8 9 13 12 -12 18 20 -7 22 17 -17 -3 -4 21 -6 26 24 25 -24 29 -28 -25 -2
right_child=1 3 19 6 8 14 7 -9 -10 -11 11 -13 -14 -15 -16 16 -18 -19 -20 -21 -22 -23 23 28 -26 -27 27 -29 -30 -31
leaf_value=-351.68100420919859 1967.8948075832284 1438.0160084147428 626.12615799861794 1796.7020253906248 2058.3262516276041 -130.01766397450299 11060.180982506794 4432.0833696637837 -4042.7650152587894 5870.815185546875 8199.0353706691585 1181.912862287249 -3074.5488464355471 743.11948928288439 -2361.196308610246 3350.3800881652833 -4986.6592256433833 -767.76011358562278 4951.4136889648435 59.95869701489346 1466.7230486043295 7549.9349694824232 134.74705032704176 -881.18385530065325 3556.8334697001687 -2190.7602392445438 4928.312652422931 1000.9484336641101 -4677.485327148438 382.93772783281321
leaf_weight=16784 133 557 1133 25 30 35773 23 28 20 22 23 28 20 3485 74 25 34 152 30 30538 210 20 1716 61 37 69 37 144 37 8162
leaf_count=16784 133 557 1133 25 30 35773 23 28 20 22 23 28 20 3485 74 25 34 152 30 30538 210 20 1716 61 37 69 37 144 37 8162
internal_value=0 541.251 -97.1275 2088.69 462.342 -203.843 5571.05 7421.23 834.126 860.018 1686.47 4346.5 1462.98 830.583 -134.624 329.604 -959.651 -186.102 1617.58 80.2128 2002.92 4254.97 355.771 -7.89211 116.173 44.8535 438.149 1803.78 -2314.48 408.351
internal_weight=0 15128 84302 734 14394 52631 76 51 3787 3767 658 51 607 3745 35847 10607 211 177 587 31671 260 50 10396 1920 1822 1785 8476 181 98 8295
internal_count=99430 15128 84302 734 14394 52631 76 51 3787 3767 658 51 607 3745 35847 10607 211 177 587 31671 260 50 10396 1920 1822 1785 8476 181 98 8295
is_linear=0
shrinkage=0.1


Tree=26
num_leaves=31
num_cat=0
split_feature=39 39 39 10 17 13 40 40 14 10 4 15 38 10 29 37 38 13 17 35 27 14 7 0 17 20 14 29 41 38
split_gain=4.33533e+11 1.73712e+11 9.08505e+10 8.11479e+10 7.4124e+10 4.49944e+10 4.43939e+10 4.06898e+10 4.05188e+10 6.12479e+10 4.36145e+10 3.85595e+10 4.41074e+10 3.78503e+10 3.73997e+10 5.7758e+10 3.69689e+10 8.521e+10 3.6576e+10 4.86902e+10 3.60016e+10 4.87967e+10 3.51976e+10 2.88527e+10 2.87286e+10 2.95719e+10 2.94255e+10 2.78719e+10 3.4997e+10 3.07216e+10
threshold=68505.494505494527 187060.43956043958 36829.670329670334 103500.00000000001 800500.00000000012 197500.00000000003 43383.333333333336 30883.333333333339 582500.00000000012 594000.00000000012 55.707975540000007 357500.00000000006 156500.00000000003 11500.000000000002 74500.000000000015 168500.00000000003 180500.00000000003 57500.000000000007 494000.00000000006 527000.00000000012 8500.0000000000018 120500.00000000001 14500.000000000002 699098.50000000012 247500.00000000003 121500.00000000001 245500.00000000003 10500.000000000002 80500.000000000015 64500.000000000007
decision_type=2 2 2 8 10 10 10 8 10 8 2 10 8 10 8 10 10 10 8 8 10 10 10 2 10 10 10 8 10 8
left_child=2 3 6 5 8 16 13 22 9 11 -11 12 -3 -1 15 20 24 -18 19 -13 21 -5 -4 -16 25 26 -2 -9 29 -29
right_child=1 4 7 14 -6 -7 -8 27 -10 10 -12 18 -14 -15 23 -17 17 -19 -20 -21 -22 -23 -24 -25 -26 -27 -28 28 -30 -31
leaf_value=-434.52288353809428 209.49030577285345 -2880.6755151367188 953.63385194237549 368.18905615234377 6689.6498467807105 -1596.304782301896 -2163.4899985391585 450.91992687342236 -2060.4434716796873 2329.8536532315343 8782.1438995361332 -189.0688115300359 1393.9210044697586 -179.26472165117028 513.69706872680797 5715.6407080288591 7984.3464483642574 431.37318301443332 6227.7053395917346 5935.0335040283207 816.77936059733929 6446.5140834263402 5188.0186175802482 -2025.3002025010851 3631.5022524515789 -404.42923976734005 -3536.6162091936385 -145.97334950897601 -1470.6440059948518 23.140417188950686
leaf_weight=8117 13889 25 134 25 29 143 122 1134 30 22 20 37 701 20431 8291 29 20 59 31 20 429 28 23 45 24 848 21 18095 173 26435
leaf_count=8117 13889 25 134 25 29 143 122 1134 30 22 20 37 701 20431 8291 29 20 59 31 20 429 28 23 45 24 848 21 18095 173 26435
internal_value=0 362.56 -120.261 310.687 1714.72 169.049 -259.976 -33.1704 1551.89 1678.49 5402.37 1486.35 1246.72 -251.842 550.897 1381.33 186.036 2343.52 3463.23 1959.74 1120.55 3579.38 1573.96 499.991 174.506 168.884 203.835 -38.6751 -51.0948 -45.5799
internal_weight=0 24766 74664 23851 915 15004 28670 45994 886 856 42 814 726 28548 8847 511 14861 79 88 57 482 53 157 8336 14782 14758 13910 45837 44703 44530
internal_count=99430 24766 74664 23851 915 15004 28670 45994 886 856 42 814 726 28548 8847 511 14861 79 88 57 482 53 157 8336 14782 14758 13910 45837 44703 44530
is_linear=0
shrinkage=0.1


Tree=27
num_leaves=31
num_cat=0
split_feature=39 39 22 35 39 13 28 1 27 11 38 22 20 38 38 32 11 39 38 28 32 42 22 40 20 40 16 38 30 7
split_gain=3.60924e+11 1.36669e+11 1.06067e+11 5.94393e+10 5.36034e+10 6.40387e+10 5.17748e+10 5.9431e+10 4.44885e+10 5.16392e+10 4.31898e+10 5.70045e+10 3.79075e+10 4.19688e+10 4.23749e+10 3.66017e+10 3.61157e+10 3.44888e+10 3.0942e+10 2.86813e+10 3.51181e+10 4.01807e+10 3.00836e+10 2.86538e+10 2.8312e+10 2.82955e+10 3.07227e+10 2.74975e+10 2.91849e+10 2.73599e+10
threshold=95675.824175824164 48697.802197802208 459500.00000000006 477500.00000000006 158895.60439560443 148500.00000000003 167500.00000000003 327500.00000000006 52500.000000000007 17500.000000000004 663000.00000000012 532500.00000000012 46500.000000000007 75500.000000000015 77500.000000000015 92500.000000000015 324500.00000000006 18461.538461538468 125500.00000000001 109500.00000000001 223500.00000000003 58833.333333333336 217500.00000000003 51950.000000000007 223500.00000000003 108650.00000000001 165500.00000000003 136500.00000000003 136500.00000000003 -187499.99999999997
decision_type=2 2 10 8 2 10 8 2 8 10 10 10 10 10 10 8 10 2 8 10 10 8 10 10 10 10 10 10 8 8
left_child=1 17 4 -4 8 6 -6 -8 9 -2 11 -5 13 -3 -15 -11 19 -1 -7 20 21 -10 24 -19 -21 26 -14 28 -17 -23
right_child=2 12 3 10 5 18 7 -9 16 15 -12 -13 25 14 -16 27 -18 23 -20 22 -22 29 -24 -25 -26 -27 -28 -29 -30 -31
leaf_value=-333.68034829045615 6418.638405539773 184.89221159984504 -535.64039843750004 3217.0245870736931 4674.8399241272837 -2984.1173783735794 1197.4659408411705 6869.4434960937506 -2476.7123884721241 4153.7081762365397 1604.2320646972657 9665.3974474676725 5.5563775439407799 5558.9352250962038 957.24152126895683 -1400.4678109486899 -3858.6124560546873 -125.08417681244794 795.99764605226437 257.88845880342387 4730.5363287353521 3926.8595268249514 -1797.3811538294744 -1180.5296833480186 -1819.1976648131415 -2648.7766564941408 1506.6732878664116 2680.161285654704 1892.0430727936503 542.15735535540296
leaf_weight=10980 22 11295 25 26 71 22 242 20 44 37 25 29 28403 21 425 72 20 37500 1377 3195 20 24 76 259 67 40 137 48 43 4865
leaf_count=10980 22 11295 25 26 71 22 242 20 44 37 25 29 28403 21 425 72 20 37500 1377 3195 20 24 76 259 67 40 137 48 43 4865
internal_value=0 -65.0126 558.343 3720.51 525.998 1033.21 2279.55 1630.44 423.045 1820.13 5050.56 6617.08 71.1838 222.462 1173.91 1314.3 385.726 -177.686 736.553 395.965 548.652 531.698 169.403 -132.324 215.226 9.03712 12.7622 669.766 -169.355 558.773
internal_weight=0 89060 10370 105 10265 1732 333 262 8533 222 80 55 40321 11741 446 200 8311 48739 1399 8291 4953 4933 3338 37759 3262 28580 28540 163 115 4889
internal_count=99430 89060 10370 105 10265 1732 333 262 8533 222 80 55 40321 11741 446 200 8311 48739 1399 8291 4953 4933 3338 37759 3262 28580 28540 163 115 4889
is_linear=0
shrinkage=0.1


Tree=28
num_leaves=31
num_cat=0
split_feature=39 39 9 14 8 13 39 41 40 17 4 6 17 31 35 25 41 20 32 18 21 42 13 6 20 16 41 27 16 19
split_gain=2.96403e+11 1.37027e+11 7.79774e+10 6.87093e+10 4.85503e+10 6.63821e+10 4.78049e+10 4.71154e+10 4.51642e+10 3.98255e+10 4.11464e+10 3.76948e+10 3.86661e+10 6.23267e+10 7.39234e+10 3.76182e+10 3.69146e+10 3.61522e+10 3.39771e+10 5.83486e+10 3.273e+10 3.19061e+10 3.14292e+10 4.22394e+10 4.14767e+10 2.87446e+10 2.81696e+10 2.719e+10 2.9506e+10 2.85052e+10
threshold=61923.076923076929 133060.43956043958 281500.00000000006 386500.00000000006 -237499.99999999997 756000.00000000012 29582.417582417587 103785.7142857143 145383.33333333334 210500.00000000003 55.428932925000005 5.5000000000000009 90500.000000000015 182500.00000000003 117500.00000000001 292500.00000000006 82357.142857142884 93500.000000000015 1.0000000180025095e-35 87500.000000000015 135500.00000000003 74500.000000000015 279500.00000000006 1.5000000000000002 292500.00000000006 12500.000000000002 165642.85714285719 124500.00000000001 154500.00000000003 77500.000000000015
decision_type=2 2 8 10 8 10 2 8 10 8 2 2 8 10 8 8 10 10 8 10 8 8 10 2 8 8 10 10 10 10
left_child=6 8 3 7 -4 9 -1 15 11 -6 -11 12 13 17 -15 -3 -8 -2 19 -13 27 -9 -23 -24 -25 -18 -10 28 -19 -30
right_child=1 2 4 -5 5 -7 16 21 26 10 -12 18 -14 14 -16 -17 25 20 -20 -21 -22 22 23 24 -26 -27 -28 -29 29 -31
leaf_value=-246.11842707162501 77.064085676458447 1486.9220331101192 -1426.0720167590725 5908.6832265625007 -694.63772615131575 8017.7785134055412 -59.605524678220483 -3388.9904760742193 -4428.3246725643385 7135.0971142578128 2382.1824085459989 266.83446050123734 278.77745697777442 824.33933247410971 8183.2254285335548 6449.8839567820232 -903.68102066364702 -238.76105035724433 423.27853830658546 5986.1512666829431 -1677.5382408442122 663.83423810048896 2033.1051067849867 -640.07278329354756 -6648.4111851501475 -5157.2454182942711 -386.83390206473217 -1446.5280086473488 4312.477026367188 502.41836725870775
leaf_weight=20435 11339 42 31 25 38 22 47143 20 34 20 204 44 10500 43 20 24 47 1561 4064 30 178 3164 23 27 20 24 35 174 27 72
leaf_count=20435 11339 42 31 25 38 22 47143 20 34 20 204 44 10500 43 20 24 47 1561 4064 30 178 3164 23 27 20 24 35 174 27 72
internal_value=0 251.901 827.465 685.82 2331.6 2741.77 -118.341 646.491 176.99 2298.74 2806.55 183.275 135.055 22.5547 3160.49 3291.64 -63.037 7.74751 461.945 2585.48 -382.899 592.84 617.465 -1478.41 -3196.81 -2341.51 -2378.29 -257.247 -132.587 1541.53
internal_weight=0 31781 3660 3345 315 284 67649 3320 28121 262 224 28052 23914 13414 63 66 47214 13351 4138 74 2012 3254 3234 70 47 71 69 1834 1660 99
internal_count=99430 31781 3660 3345 315 284 67649 3320 28121 262 224 28052 23914 13414 63 66 47214 13351 4138 74 2012 3254 3234 70 47 71 69 1834 1660 99
is_linear=0
shrinkage=0.1


Tree=29
num_leaves=31
num_cat=0
split_feature=39 39 9 7 7 23 24 17 41 42 6 27 27 8 39 15 33 6 32 18 7 5 33 24 16 21 5 11 11 35
split_gain=2.46711e+11 1.10012e+11 8.87788e+10 5.86611e+10 5.65677e+10 5.85271e+10 5.35635e+10 4.93797e+10 3.71702e+10 6.32614e+10 3.80978e+10 3.67905e+10 3.60267e+10 4.55543e+10 3.07414e+10 2.92169e+10 2.85892e+10 2.84203e+10 2.60098e+10 6.03869e+10 2.57896e+10 2.56701e+10 3.07841e+10 3.89535e+10 3.17124e+10 2.76419e+10 2.65233e+10 2.62106e+10 2.5503e+10 2.53938e+10
threshold=111313.18681318683 51351.648351648357 243500.00000000003 -65499.999999999993 115500.00000000001 362000.00000000006 868500.00000000012 116500.00000000001 77071.428571428594 26833.333333333339 5.5000000000000009 48500.000000000007 45500.000000000007 -237499.99999999997 8675.8241758241784 131500.00000000003 482500.00000000006 5.5000000000000009 1.0000000180025095e-35 85500.000000000015 200500.00000000003 9.5000000000000018 119500.00000000001 35500.000000000007 162500.00000000003 45500.000000000007 7.5000000000000009 2500.0000000000005 98500.000000000015 4500.0000000000009
decision_type=2 2 8 8 10 10 8 10 8 10 2 10 8 8 2 8 10 2 10 10 10 2 10 10 10 10 2 10 10 8
left_child=1 14 4 6 5 8 -4 15 9 -2 -10 20 -5 -14 -1 -6 -15 21 19 -19 29 26 24 -24 -23 -26 -13 -25 -16 -3
right_child=2 11 3 12 7 -7 -8 -9 10 -11 -12 17 13 16 28 -17 -18 18 -20 -21 -22 22 23 27 25 -27 -28 -29 -30 -31
leaf_value=-505.60896447430105 -133.61747884114584 1261.7834553829107 1909.6429290771484 5163.478376953125 -916.79575892857144 5902.7726074218754 8740.8309104225846 352.91278220436789 358.38790667783599 6538.511975549769 1046.7505600040106 84.794138403755042 -2505.2192138671876 1323.683688660002 -117.37526928713963 -5634.8985881696426 4672.4424849898733 441.0662925720215 228.0567386658463 6813.2696496582039 2993.5499250932176 -80.661161132226113 -3537.2319007095025 2718.4808699898099 4325.3754586356035 702.65391579123116 826.3408444454077 -744.21424004604489 -981.38060673114876 179.73448672144468
leaf_weight=2196 30 220 24 25 21 20 22 55 5357 27 946 3517 30 457 49615 35 27 58 3401 20 33 16438 49 23 28 85 559 441 344 15327
leaf_count=2196 30 220 24 25 21 20 22 55 5357 27 946 3517 30 457 49615 35 27 58 3401 20 33 16438 49 23 28 85 559 441 344 15327
internal_value=0 -43.6015 569.075 1748.96 462.738 501.677 5176.73 -1775.35 484.692 3026.86 461.702 80.7163 1456.42 1276.11 -139.421 -3865.61 1510.49 4.61204 269.465 2074.96 200.974 -38.9747 -92.8311 -855.746 -69.1845 1600.32 186.493 -572.572 -123.325 195.046
internal_weight=0 92354 7076 585 6491 6380 46 111 6360 57 6303 40199 539 514 52155 56 484 24619 3479 78 15580 21140 17064 513 16551 113 4076 464 49959 15547
internal_count=99430 92354 7076 585 6491 6380 46 111 6360 57 6303 40199 539 514 52155 56 484 24619 3479 78 15580 21140 17064 513 16551 113 4076 464 49959 15547
is_linear=0
shrinkage=0.1


end of trees

feature_importances:
mean_income_all=191
income_2_day_before=63
mean_income_last_30_days=51
mean_income_last_3_days=48
mean_income_last_7_days=44
income_9_day_before=40
income_1_day_before=32
income_16_day_before=29
income_30_day_before=27
money_in=22
income_5_day_before=22
income_8_day_before=22
yesterday_growth_of_income_growth=19
yesterday_income_growth=18
income_20_day_before=18
income_12_day_before=17
income_22_day_before=16
income_14_day_before=15
day=14
income_19_day_before=14
income_23_day_before=13
latitude=12
income_10_day_before=12
income_15_day_before=12
weekday=11
income_3_day_before=11
income_4_day_before=9
income_29_day_before=9
income_13_day_before=8
income_21_day_before=8
income_24_day_before=8
income_26_day_before=8
income_27_day_before=8
money=7
income_6_day_before=7
income_7_day_before=7
income_11_day_before=6
income_25_day_before=6
TID=5
income_17_day_before=4
income_18_day_before=4
longitude=2
income_28_day_before=1

parameters:
[boosting: gbdt]
[objective: regression]
[metric: l2]
[tree_learner: serial]
[device_type: cpu]
[data: ]
[valid: ]
[num_iterations: 30]
[learning_rate: 0.1]
[num_leaves: 31]
[num_threads: -1]
[deterministic: 0]
[force_col_wise: 0]
[force_row_wise: 0]
[histogram_pool_size: -1]
[max_depth: -1]
[min_data_in_leaf: 20]
[min_sum_hessian_in_leaf: 0.001]
[bagging_fraction: 0.7]
[pos_bagging_fraction: 1]
[neg_bagging_fraction: 1]
[bagging_freq: 0]
[bagging_seed: 3014]
[feature_fraction: 0.7]
[feature_fraction_bynode: 1]
[feature_fraction_seed: 29554]
[extra_trees: 0]
[extra_seed: 19515]
[early_stopping_round: 0]
[first_metric_only: 0]
[max_delta_step: 0]
[lambda_l1: 0]
[lambda_l2: 0]
[linear_lambda: 0]
[min_gain_to_split: 0]
[drop_rate: 0.1]
[max_drop: 50]
[skip_drop: 0.5]
[xgboost_dart_mode: 0]
[uniform_drop: 0]
[drop_seed: 12050]
[top_rate: 0.2]
[other_rate: 0.1]
[min_data_per_group: 100]
[max_cat_threshold: 32]
[cat_l2: 10]
[cat_smooth: 10]
[max_cat_to_onehot: 4]
[top_k: 20]
[monotone_constraints: ]
[monotone_constraints_method: basic]
[monotone_penalty: 0]
[feature_contri: ]
[forcedsplits_filename: ]
[refit_decay_rate: 0.9]
[cegb_tradeoff: 1]
[cegb_penalty_split: 0]
[cegb_penalty_feature_lazy: ]
[cegb_penalty_feature_coupled: ]
[path_smooth: 0]
[interaction_constraints: ]
[verbosity: -1]
[saved_feature_importance_type: 0]
[linear_tree: 0]
[max_bin: 255]
[max_bin_by_feature: ]
[min_data_in_bin: 3]
[bin_construct_sample_cnt: 200000]
[data_random_seed: 126]
[is_enable_sparse: 1]
[enable_bundle: 1]
[use_missing: 1]
[zero_as_missing: 0]
[feature_pre_filter: 1]
[pre_partition: 0]
[two_round: 0]
[header: 0]
[label_column: ]
[weight_column: ]
[group_column: ]
[ignore_column: ]
[categorical_feature: ]
[forcedbins_filename: ]
[precise_float_parser: 0]
[objective_seed: 25204]
[num_class: 1]
[is_unbalance: 0]
[scale_pos_weight: 1]
[sigmoid: 1]
[boost_from_average: 1]
[reg_sqrt: 0]
[alpha: 0.9]
[fair_c: 1]
[poisson_max_delta_step: 0.7]
[tweedie_variance_power: 1.5]
[lambdarank_truncation_level: 30]
[lambdarank_norm: 1]
[label_gain: ]
[eval_at: ]
[multi_error_top_k: 1]
[auc_mu_weights: ]
[num_machines: 1]
[local_listen_port: 12400]
[time_out: 120]
[machine_list_filename: ]
[machines: ]
[gpu_platform_id: -1]
[gpu_device_id: -1]
[gpu_use_dp: 0]
[num_gpu: 1]

end of parameters

pandas_categorical:[]
