tree
version=v3
num_class=1
num_tree_per_iteration=1
label_index=0
max_feature_idx=42
objective=regression
feature_names=TID money_in money longitude latitude day weekday yesterday_income_growth yesterday_growth_of_income_growth income_1_day_before income_2_day_before income_3_day_before income_4_day_before income_5_day_before income_6_day_before income_7_day_before income_8_day_before income_9_day_before income_10_day_before income_11_day_before income_12_day_before income_13_day_before income_14_day_before income_15_day_before income_16_day_before income_17_day_before income_18_day_before income_19_day_before income_20_day_before income_21_day_before income_22_day_before income_23_day_before income_24_day_before income_25_day_before income_26_day_before income_27_day_before income_28_day_before income_29_day_before income_30_day_before mean_income_all mean_income_last_30_days mean_income_last_7_days mean_income_last_3_days
feature_infos=[406136:699664] [0:2697000] [0:6019000] [35.500558769999998:39.842458970000003] [54.458422939999998:56.757842529999998] [1:31] [0:6] [-2214000:2697000] [-4911000:2697000] [0:2697000] [0:2697000] [0:2697000] [0:2697000] [0:2697000] [0:2697000] [0:2697000] [0:2697000] [0:2697000] [0:2697000] [0:2697000] [0:2697000] [0:2697000] [0:2697000] [0:2697000] [0:2697000] [0:2697000] [0:2697000] [0:2697000] [0:2697000] [0:2697000] [0:2697000] [0:2697000] [0:2697000] [0:2697000] [0:2697000] [0:2697000] [0:2697000] [0:2697000] [0:2697000] [2274.7252747252742:734461.5384615385] [0:843500] [0:917142.85714285716] [0:1247000]
tree_sizes=2858 2871 2864 2881 2854 2857 2902 2855 2903 2869 2857 2857 2878 2851 2869 2850 2853 2844 2851 2872 2831 2893 2850 2856 2873 2840 2868 2826 2872

Tree=0
num_leaves=31
num_cat=0
split_feature=39 39 39 4 39 39 39 39 18 39 39 39 39 26 10 0 24 20 39 41 39 19 26 14 39 19 39 19 14 41
split_gain=8.00562e+13 2.95766e+13 2.26568e+13 8.88485e+12 8.72232e+12 4.71283e+12 3.38624e+12 1.79052e+12 1.66079e+12 1.31345e+12 6.50321e+11 6.4981e+11 4.15879e+11 3.62606e+11 3.39827e+11 3.44699e+11 3.378e+11 2.95689e+11 2.94326e+11 2.60865e+11 2.51933e+11 2.1146e+11 1.60835e+11 1.50443e+11 1.49539e+11 1.48081e+11 1.45918e+11 1.43842e+11 1.34148e+11 1.10881e+11
threshold=86670.32967032968 252285.71428571432 42137.362637362654 55.950833515000006 135483.51648351652 61302.197802197807 24637.362637362643 106637.36263736265 403000.00000000006 177840.65934065936 51142.857142857152 70543.956043956059 32214.285714285721 312500.00000000006 417000.00000000006 676433.00000000012 456500.00000000006 800500.00000000012 14615.384615384619 117642.85714285716 154879.12087912092 214500.00000000003 71500.000000000015 456500.00000000006 96813.186813186825 72500.000000000015 125153.84615384617 83500.000000000015 1.0000000180025095e-35 150500.00000000003
decision_type=2 2 2 2 2 2 2 2 10 2 2 2 2 10 8 2 8 10 2 8 2 10 8 10 2 10 2 10 8 10
left_child=2 4 6 8 7 10 18 24 13 20 -4 -7 -8 14 15 -3 -10 -5 -1 -9 22 -11 25 -18 -2 -6 -21 -13 -24 -28
right_child=1 3 5 17 9 11 12 19 16 21 -12 27 -14 -15 -16 -17 23 -19 -20 26 -22 -23 28 -25 -26 -27 29 -29 -30 -31
leaf_value=52181.539039795156 60313.922449276251 78472.615942434379 55820.531330250327 134739.7561210058 54131.311590893099 57733.872062229915 54011.407682612087 62283.450309190259 109962.61516118437 70093.641202391533 56758.22085206904 58663.304045098106 54908.82233703231 89132.615864309366 88289.282493360297 63897.615629934371 88136.901656720089 120661.07543762669 53070.942726755733 63194.159564154041 67731.140532424877 73540.384537475693 71794.838077851047 99172.615838267709 61339.783519432334 64650.740940145552 64311.284260495791 59541.479488317898 65593.917976547193 67211.129455617964
leaf_weight=7503 4026 86 14823 35 23 9577 8235 1606 20 673 14762 6685 13847 40 27 20 21 26 7381 1490 915 242 36 30 2196 32 1209 2587 1129 148
leaf_count=7503 4026 86 14823 35 23 9577 8235 1606 20 673 14762 6685 13847 40 27 20 21 26 7381 1490 915 242 36 30 2196 32 1209 2587 1129 148
internal_value=56802.9 63803.6 55652.8 94603.6 63119.1 57075.8 53788.4 61771.6 86069.7 67835.3 56288.4 58311.6 54574.2 80784.5 78273.7 75722.6 98948 128739 52622.6 63302.5 66476.8 71005.2 65536.1 94628.5 60676 60251.7 63877.4 58908.3 65785.5 64627.6
internal_weight=0 14030 85400 305 13725 48434 36966 10675 244 3050 29585 18849 22082 173 133 106 71 61 14884 4453 2135 915 1220 51 6222 55 2847 9272 1165 1357
internal_count=99430 14030 85400 305 13725 48434 36966 10675 244 3050 29585 18849 22082 173 133 106 71 61 14884 4453 2135 915 1220 51 6222 55 2847 9272 1165 1357
is_linear=0
shrinkage=1


Tree=1
num_leaves=31
num_cat=0
split_feature=39 39 39 39 4 39 39 39 18 39 39 12 29 12 39 12 39 15 19 25 3 39 39 13 19 42 13 12 19 39
split_gain=6.49297e+13 2.4651e+13 1.70137e+13 8.16487e+12 7.19673e+12 3.49225e+12 2.39595e+12 1.87585e+12 1.34524e+12 1.0286e+12 5.60247e+11 5.08178e+11 4.25377e+11 4.23239e+11 3.87704e+11 3.14248e+11 3.09276e+11 2.37564e+11 2.20394e+11 1.94594e+11 2.43614e+11 1.93353e+11 1.47317e+11 1.44587e+11 1.25832e+11 1.15542e+11 1.15404e+11 1.14884e+11 1.06199e+11 9.76056e+10
threshold=82285.714285714304 252285.71428571432 40736.263736263747 125153.84615384617 55.950833515000006 58016.483516483524 23291.208791208792 158895.60439560443 403000.00000000006 102758.24175824177 68945.054945054959 190500.00000000003 800500.00000000012 306000.00000000006 48895.604395604401 133500.00000000003 31346.153846153855 403000.00000000006 69500.000000000015 292500.00000000006 37.646657880000014 13796.703296703299 89252.747252747271 344500.00000000006 177500.00000000003 16833.333333333339 81500.000000000015 227500.00000000003 136500.00000000003 113109.89010989011
decision_type=2 2 2 2 2 2 2 2 10 2 2 10 8 10 2 10 2 10 8 8 2 2 2 8 10 8 10 10 8 2
left_child=2 3 6 9 8 14 21 15 13 22 25 28 -6 19 -4 18 -8 -10 -5 -3 -21 -1 -2 -15 -17 -7 -12 -13 -9 -11
right_child=1 4 5 7 12 10 16 11 17 29 26 27 -14 23 -16 24 -18 -19 -20 20 -22 -23 -24 -25 -26 -27 -28 -29 -30 -31
leaf_value=-4208.8893551890023 2601.1554055656893 22176.508593750001 -1006.4784729397672 1619.9290236452794 52786.139609375008 -2466.2320202739302 -2597.2409873396132 6727.0248251832563 47167.566899414065 4687.368139388288 1448.5371926402713 13018.434183036334 70574.861432926831 23496.157809349799 -259.34102027927179 7996.1553270698168 -1808.992240895109 34308.197051164221 6640.3962234095206 8263.4151751893933 21504.572265625 -3463.9446130082383 3516.8805187461594 33234.582369791664 10520.44300858347 664.69981622484966 2255.5766466732944 15971.097017809141 10525.528170481037 5720.1935910401062
leaf_weight=6649 2928 55 14396 94 20 119 8296 81 20 1830 6031 452 41 31 13420 1475 12444 51 1253 33 24 7320 4392 30 228 12386 2509 186 806 1830
leaf_count=6649 2928 55 14396 94 20 119 8296 81 20 1830 6031 452 41 31 13420 1475 12444 51 1253 33 24 7320 4392 30 228 12386 2509 186 806 1830
internal_value=0 5865.92 -1113.24 5313.87 34020.6 89.34 -2806.15 8863.19 26340.2 3834.99 1061.29 11726.8 64742.5 21583.4 -646.017 7431.37 -2124.29 37930.6 6290.04 17933.1 13838.6 -3818.53 3150.59 28285.5 8334.11 634.905 1685.64 13879.2 10178.7 5203.78
internal_weight=0 15860 83570 15555 305 48861 34709 4575 244 10980 21045 1525 61 173 27816 3050 20740 71 1347 112 57 13969 7320 61 1703 12505 8540 638 887 3660
internal_count=99430 15860 83570 15555 305 48861 34709 4575 244 10980 21045 1525 61 173 27816 3050 20740 71 1347 112 57 13969 7320 61 1703 12505 8540 638 887 3660
is_linear=0
shrinkage=0.1


Tree=2
num_leaves=31
num_cat=0
split_feature=39 39 39 39 4 39 39 39 12 12 20 39 39 29 0 39 19 11 12 12 39 39 39 39 12 14 19 19 11 26
split_gain=5.2593e+13 1.99673e+13 1.37857e+13 6.63494e+12 5.82935e+12 2.89311e+12 1.88802e+12 1.37237e+12 1.07567e+12 9.30255e+11 3.97177e+11 3.93673e+11 3.8525e+11 3.44555e+11 3.28052e+11 2.57303e+11 2.54893e+11 2.36093e+11 2.34135e+11 2.0824e+11 1.83391e+11 1.65631e+11 1.61046e+11 1.45048e+11 1.40072e+11 1.25797e+11 8.8808e+10 8.75623e+10 8.21049e+10 8.10559e+10
threshold=82285.714285714304 252285.71428571432 40428.571428571442 133060.43956043958 55.950833515000006 58989.010989010996 22428.571428571431 105175.82417582419 184500.00000000003 373000.00000000006 225500.00000000003 50010.989010989018 68505.494505494527 800500.00000000012 676433.00000000012 29983.516483516487 138500.00000000003 396000.00000000006 130500.00000000001 58500.000000000007 187060.43956043958 154879.12087912092 93934.065934065948 12170.329670329673 306000.00000000006 45500.000000000007 78500.000000000015 173500.00000000003 149500.00000000003 42500.000000000007
decision_type=2 2 2 2 2 2 2 2 10 10 8 2 2 8 2 2 8 10 10 10 2 2 2 2 8 8 10 10 10 10
left_child=2 3 6 7 9 11 23 22 16 10 -3 -4 -7 -6 24 -8 19 -11 -9 29 -10 25 -2 -1 -12 -18 -14 -20 -17 -5
right_child=1 4 5 8 13 12 15 18 20 17 14 -13 26 -15 -16 28 21 -19 27 -21 -22 -23 -24 -25 -26 -27 -28 -29 -30 -31
leaf_value=-3875.837670442219 2527.5383793337401 31766.368043154765 -881.84989571693859 -4400.6586230468747 47507.525468750006 607.76896849728303 -2419.1873342678714 4656.6580304354975 10251.303669567737 22499.056343005956 16649.860461956523 -150.07442457083593 1280.9556052700973 63517.373932926836 6645.3401093749999 -1691.6970443923722 13914.734068080359 34608.611514945653 6014.0113277327146 6427.2029473491684 13098.397297092015 9232.1457260306415 3470.1394746133542 -3202.554137454707 24147.598818108978 7108.4780441080729 1956.8378482375863 8919.478012907608 4720.3016600799556 4026.6997372581845
leaf_weight=5185 4758 21 16348 25 20 10675 7320 3341 455 21 69 13359 6039 41 25 13400 28 69 1058 602 450 874 2928 8357 39 900 2867 115 20 21
leaf_count=5185 4758 21 16348 25 20 10675 7320 3341 455 21 69 13359 6039 41 25 13400 28 69 1058 602 450 874 2928 8357 39 900 2867 115 20 21
internal_value=0 5279.33 -1001.92 4782.48 30618.6 69.237 -2541.94 3699.43 8720.86 23706.1 18985.9 -552.776 1012.91 58268.2 16967.9 -1942.28 7632.6 31783 5083.4 5931.67 11667 8244.25 2886.62 -3460.34 19357.4 7313.84 1498.53 6298.86 -1682.14 -553.386
internal_weight=0 15860 83570 15555 305 49288 34282 12200 3355 244 154 29707 19581 61 133 20740 2450 90 4514 648 905 1802 7686 13542 108 928 8906 1173 13420 46
internal_count=99430 15860 83570 15555 305 49288 34282 12200 3355 244 154 29707 19581 61 133 20740 2450 90 4514 648 905 1802 7686 13542 108 928 8906 1173 13420 46
is_linear=0
shrinkage=0.1


Tree=3
num_leaves=31
num_cat=0
split_feature=39 39 39 39 18 39 39 10 39 2 29 39 24 39 39 39 39 9 41 19 19 39 42 13 19 41 37 19 9 42
split_gain=4.26456e+13 1.55039e+13 1.25267e+13 4.43511e+12 3.5745e+12 2.3411e+12 2.18889e+12 1.68751e+12 9.34923e+11 8.60983e+11 7.08155e+11 6.05465e+11 3.55595e+11 3.16734e+11 2.82589e+11 2.80716e+11 2.6088e+11 1.89906e+11 1.41816e+11 1.38891e+11 1.38742e+11 1.29462e+11 1.16009e+11 1.10745e+11 1.06214e+11 9.80957e+10 9.53119e+10 9.34882e+10 9.05308e+10 8.67153e+10
threshold=87912.087912087925 252285.71428571432 45076.923076923085 141604.39560439563 582500.00000000012 27324.175824175833 63401.098901098907 594000.00000000012 113109.89010989011 1158500.0000000002 855500.00000000012 177840.65934065936 634000.00000000012 54247.252747252758 77708.791208791212 18461.538461538468 36082.417582417591 225500.00000000003 142071.42857142861 200500.00000000003 1.0000000180025095e-35 98329.670329670349 41166.666666666679 79500.000000000015 297500.00000000006 159357.14285714287 123500.00000000001 113500.00000000001 27500.000000000004 16833.333333333339
decision_type=2 2 2 2 10 2 2 8 2 2 8 2 8 2 2 2 2 10 10 8 8 2 8 10 10 10 8 8 8 8
left_child=2 3 5 8 7 15 13 9 21 12 -6 20 17 -4 23 -1 -7 -3 22 -13 -5 -2 -10 28 -19 26 -22 -24 -8 -15
right_child=1 4 6 11 10 16 14 -9 18 -11 -12 19 -14 29 -16 -17 -18 24 -20 -21 25 -23 27 -25 -26 -27 -28 -29 -30 -31
leaf_value=-3244.1756626894871 2682.9287517793582 27840.862656250003 -480.83336229690769 1031.6134095982143 40606.587847222225 -1801.9284721401689 -745.8302224066598 45409.563900862071 -2379.0444868607956 30399.465803179828 64214.719401041664 9000.9324462270979 8452.9019620028412 -2822.2266837749075 1886.7928029305299 -2413.6312566010233 -1141.6908097672826 14725.271147836538 6877.8473334069731 11489.105622450816 9890.4329787234055 3575.0456441962656 3977.853714289924 1587.2646283500098 21326.395272435897 8381.882431182863 6568.1016305130679 5216.7860157825344 894.6665986373697 227.0584036815028
leaf_weight=10980 3660 20 15616 35 27 10370 350 29 22 57 24 394 44 94 5124 6466 14152 65 389 521 94 2928 812 2466 39 640 1061 2437 8652 11862
leaf_count=10980 3660 20 15616 35 27 10370 350 29 22 57 24 394 44 94 5124 6466 14152 65 389 521 94 2928 812 2466 39 640 1061 2437 8652 11862
internal_value=0 5270.69 -813.747 4747.55 27556.7 -2050.87 361.859 22705.8 3791.35 19779.5 51716.3 8317.36 16176.3 -184.267 1269.39 -2936.35 -1420.9 18916.8 5072.81 10417.7 7267.2 3079.43 4858.14 993.531 17200.7 7388.78 6838.49 4907.15 830.884 203.084
internal_weight=0 13298 86132 12993 305 41968 44164 254 10248 225 51 2745 168 27572 16592 17446 24522 124 3660 915 1830 6588 3271 11468 104 1795 1155 3249 9002 11956
internal_count=99430 13298 86132 12993 305 41968 44164 254 10248 225 51 2745 168 27572 16592 17446 24522 124 3660 915 1830 6588 3271 11468 104 1795 1155 3249 9002 11956
is_linear=0
shrinkage=0.1


Tree=4
num_leaves=31
num_cat=0
split_feature=39 39 39 39 4 39 39 12 25 39 26 12 12 29 39 12 11 39 39 19 20 11 39 25 9 38 2 35 12 12
split_gain=3.45504e+13 1.30971e+13 9.11051e+12 4.39685e+12 3.89263e+12 1.62339e+12 1.53171e+12 1.09871e+12 6.81206e+11 5.39832e+11 3.09725e+11 2.81494e+11 2.44744e+11 2.27684e+11 2.26432e+11 2.25779e+11 1.99229e+11 1.82289e+11 1.71233e+11 1.65157e+11 1.53788e+11 1.50669e+11 1.47894e+11 1.41359e+11 2.376e+11 9.40925e+10 8.96568e+10 8.58472e+10 8.27068e+10 8.13939e+10
threshold=82285.714285714304 252285.71428571432 42692.307692307702 125153.84615384617 55.950833515000006 60115.384615384624 25796.703296703297 179500.00000000003 366500.00000000006 101494.50549450552 508000.00000000006 306000.00000000006 130500.00000000001 800500.00000000012 51708.791208791219 70500.000000000015 214500.00000000003 34593.406593406602 15829.670329670331 72500.000000000015 434500.00000000006 427000.00000000006 149879.12087912092 292500.00000000006 256500.00000000003 295500.00000000006 321500.00000000006 54500.000000000007 91500.000000000015 122500.00000000001
decision_type=2 2 2 2 2 2 2 10 10 2 8 10 8 8 2 10 10 2 2 8 10 10 2 8 8 8 2 8 10 10
left_child=2 3 6 9 8 14 18 12 11 28 20 23 19 -6 -4 -7 -9 -8 -1 26 -10 -13 -14 25 -25 -3 -5 -21 -2 -11
right_child=1 4 5 7 13 15 17 16 10 29 -12 21 22 -15 -16 -17 -18 -19 -20 27 -22 -23 -24 24 -26 -27 -28 -29 -30 -31
leaf_value=-3021.8559196742253 1944.0054426366978 12956.03260569853 -605.34352193662949 4614.1217054578992 38648.083359375007 571.94110243752482 -1740.6437568272454 8407.1409980097906 16282.245742187501 3439.772870301601 37308.265394176138 17562.557063802084 5484.0912579299475 51662.482088414632 -30.234666883246703 1286.9768725998222 11470.250092964581 -1163.1481013944056 -2360.5399145913775 9779.0850837476319 27763.456473214286 27778.212340198865 7106.1500564824573 433.80800781250002 14169.973770680148 21349.101384943184 -1557.5480386173024 4594.2672119429908 2636.8127735272064 4453.1484115642779
leaf_weight=8418 3804 34 15128 36 20 10491 9943 869 20 2941 22 42 1320 41 12505 7626 281 12139 7320 33 28 22 979 20 34 22 68 989 3150 1085
leaf_count=8418 3804 34 15128 36 20 10491 9943 869 20 2941 22 42 1320 41 12505 7626 281 12139 7320 33 28 22 979 20 34 22 68 989 3150 1085
internal_value=0 4278.99 -812.071 3876.6 24801 137.246 -1960.44 6481.2 19152.4 2791.35 27482.9 15801.1 5583.23 47395.5 -345.085 872.922 9155.61 -1423.18 -2714.27 4375.34 22979.6 21074.2 6174.82 12733.1 9082.5 16253.3 578.799 4761.68 2257.83 3712.88
internal_weight=0 15860 83570 15555 305 45750 37820 4575 244 10980 70 174 3425 61 27633 18117 1150 22082 15738 1126 48 64 2299 110 54 56 104 1022 6954 4026
internal_count=99430 15860 83570 15555 305 45750 37820 4575 244 10980 70 174 3425 61 27633 18117 1150 22082 15738 1126 48 64 2299 110 54 56 104 1022 6954 4026
is_linear=0
shrinkage=0.1


Tree=5
num_leaves=31
num_cat=0
split_feature=39 39 39 39 12 39 39 18 12 39 12 39 1 25 39 39 41 26 12 16 13 12 13 12 13 26 11 1 38 11
split_gain=2.80523e+13 1.00947e+13 8.37839e+12 2.84466e+12 2.69227e+12 1.59506e+12 1.49859e+12 6.88104e+11 6.32634e+11 5.70271e+11 4.97981e+11 2.56284e+11 2.35945e+11 2.32085e+11 2.03332e+11 1.73136e+11 1.70383e+11 1.43015e+11 1.32137e+11 1.25636e+11 1.22754e+11 1.18557e+11 1.03607e+11 1.00917e+11 9.75566e+10 8.90234e+10 8.73983e+10 8.44658e+10 7.24799e+10 7.20165e+10
threshold=89252.747252747271 252285.71428571432 45532.967032967041 141604.39560439563 590500.00000000012 27620.879120879123 65181.318681318684 532500.00000000012 306000.00000000006 113109.89010989011 191500.00000000003 56021.97802197803 396000.00000000006 483500.00000000006 16978.021978021981 37868.131868131873 79357.142857142884 44500.000000000007 131500.00000000003 774000.00000000012 306000.00000000006 95500.000000000015 90500.000000000015 105500.00000000001 505500.00000000006 175500.00000000003 230500.00000000003 275000.00000000006 324500.00000000006 141500.00000000003
decision_type=2 2 2 2 10 2 2 10 8 2 10 2 2 8 2 2 10 8 10 8 10 10 8 10 8 10 10 2 8 10
left_child=2 3 5 9 7 14 11 8 13 23 17 -4 20 28 -1 29 -8 21 22 -6 -10 -5 -11 -2 -14 -19 27 -12 -3 -7
right_child=1 4 6 10 19 15 16 -9 12 18 26 -13 24 -15 -16 -17 -18 25 -20 -21 -22 -23 -24 -25 -26 -27 -28 -29 -30 -31
leaf_value=-2676.2068507925978 2261.1939476488224 10964.481602515245 -334.8079100393424 -4873.8765401666815 37571.162499999999 -1389.1460746652215 919.89426959192156 34448.29512780231 10848.790591032608 1202.2128407353941 8669.8009788433992 272.94121518861886 22274.494354248047 3390.5657836914065 -1999.1561251594351 -850.94112664113607 1660.7612593786384 5729.8718258477602 4893.377603646396 47224.737388392859 20060.03479567308 5289.2182179768888 3832.46402730306 3126.0559610457467 30339.09381510417 7406.7652603879687 11216.390277013035 2059.6379467773436 17496.79152747845 4471.6616629464288
leaf_weight=9699 4244 41 17568 22 26 12972 10323 23 23 161 578 11468 40 32 8174 11834 4439 1563 1354 28 39 24 2145 1978 24 397 141 20 29 21
leaf_count=9699 4244 41 17568 22 26 12972 10323 23 23 161 578 11468 40 32 8174 11834 4439 1563 1354 28 39 24 2145 1978 24 397 141 20 29 21
internal_value=0 4344.06 -649.465 3909.84 22320.9 -1646.22 322.306 17963.1 16300.1 3118.77 6757.68 -94.7725 21039.5 10445.6 -2366.57 -1127.65 1142.68 5940.18 4109.24 42576.7 16643 428.608 3648.83 2536.14 25298.7 6069.53 8976.79 8448.73 13670.7 -1379.67
internal_weight=0 12932 86498 12627 305 42700 43798 251 228 9882 2745 29036 126 102 17873 24827 14762 2006 3660 54 62 46 2306 6222 64 1960 739 598 70 12993
internal_count=99430 12932 86498 12627 305 42700 43798 251 228 9882 2745 29036 126 102 17873 24827 14762 2006 3660 54 62 46 2306 6222 64 1960 739 598 70 12993
is_linear=0
shrinkage=0.1


Tree=6
num_leaves=31
num_cat=0
split_feature=42 42 42 12 12 1 42 41 12 23 12 9 41 12 41 26 42 42 1 19 6 40 9 0 40 25 12 9 7 12
split_gain=2.0427e+13 8.00825e+12 5.23341e+12 3.74972e+12 1.69051e+12 1.09946e+12 8.5553e+11 7.30824e+11 5.83033e+11 4.65616e+11 4.40344e+11 4.33503e+11 4.23869e+11 3.98556e+11 3.08618e+11 2.08691e+11 1.96386e+11 1.90544e+11 1.57673e+11 1.56276e+11 1.50561e+11 1.34978e+11 1.27173e+11 1.22114e+11 1.13102e+11 1.10684e+11 1.08456e+11 1.04565e+11 9.48054e+10 9.15385e+10
threshold=80500.000000000015 339833.33333333337 40166.666666666679 136500.00000000003 590500.00000000012 58500.000000000007 196166.66666666669 28785.714285714294 99500.000000000015 165500.00000000003 69500.000000000015 172500.00000000003 51642.857142857152 396000.00000000006 154785.71428571432 321500.00000000006 20166.666666666668 114833.33333333336 114500.00000000001 88500.000000000015 3.5000000000000004 76883.333333333358 129500.00000000001 606045.50000000012 88150.000000000015 104500.00000000001 208500.00000000003 33500.000000000007 170500.00000000003 54500.000000000007
decision_type=10 10 8 10 8 2 10 10 8 10 8 10 10 10 10 10 10 10 2 10 2 10 8 2 10 8 10 10 10 10
left_child=2 3 7 8 13 12 14 9 19 16 29 18 27 20 25 23 -1 -10 -12 -2 -3 -9 -20 -8 -14 -5 -16 -4 -21 -7
right_child=1 4 5 6 -6 10 15 21 17 -11 11 -13 24 -15 26 -17 -18 -19 22 28 -22 -23 -24 -25 -26 -27 -28 -29 -30 -31
leaf_value=-2279.2640932855033 1231.4135853583302 5838.1149338942305 -1254.8452952747684 2489.3190325669839 39386.021730324079 -283.87971900293996 11180.383120176019 -1072.8159795205852 2481.6546483809252 13231.308655395507 868.32214511929124 8048.3175949616871 115.29458432199463 22891.347587316181 5984.834685032969 18619.76480978261 -1624.5075539356476 3704.5090385526196 1525.7424463558359 2071.4144209174729 17078.45252907493 3804.1551470840191 4258.0702867729397 7951.6881454391105 6164.8177297284528 4634.2074269494688 8757.6662462854692 -572.96205596646109 5903.0622625177566 332.92588258784258
leaf_weight=12256 4595 26 2591 284 54 3598 166 12921 3250 20 8516 88 10087 68 1048 23 7315 2096 593 2990 22 57 239 398 31 1574 163 17032 66 7263
leaf_count=12256 4595 26 2591 284 54 3598 166 12921 3250 20 8516 88 10087 68 1048 23 7315 2096 593 2990 22 57 239 398 31 1574 163 17032 66 7263
internal_value=0 3176.14 -646.825 2955.7 24770.4 -4.67523 5784.95 -1633.4 2159.84 -2018.95 562.742 1062.46 -391.914 17966.6 5115.94 9282.74 -2034.54 2961.1 996.692 1599.98 10989.9 -1051.4 2310.63 8901.98 133.829 4306.36 6358.06 -662.997 2154.17 128.592
internal_weight=0 16823 82607 16653 170 50038 3656 32569 12997 19591 20297 9436 29741 116 3069 587 19571 5346 9348 7651 48 12978 832 564 10118 1858 1211 19623 3056 10861
internal_count=99430 16823 82607 16653 170 50038 3656 32569 12997 19591 20297 9436 29741 116 3069 587 19571 5346 9348 7651 48 12978 832 564 10118 1858 1211 19623 3056 10861
is_linear=0
shrinkage=0.1


Tree=7
num_leaves=31
num_cat=0
split_feature=39 39 39 39 4 39 39 39 18 39 6 29 39 12 12 25 9 39 17 12 12 19 8 34 33 13 19 16 42 40
split_gain=1.86709e+13 7.23419e+12 4.58225e+12 2.69612e+12 2.1513e+12 8.66684e+11 6.81392e+11 6.47472e+11 4.54551e+11 3.22965e+11 2.8389e+11 1.80125e+11 1.46845e+11 1.43651e+11 1.34526e+11 1.67296e+11 1.31213e+11 1.10543e+11 1.02023e+11 9.99775e+10 8.89451e+10 8.66978e+10 7.56317e+10 7.48587e+10 7.43351e+10 9.97234e+10 7.40833e+10 7.38221e+10 7.13763e+10 7.41625e+10
threshold=78873.626373626394 252285.71428571432 40428.571428571442 122829.67032967033 55.950833515000006 56357.142857142862 21445.054945054948 171978.02197802201 403000.00000000006 96813.186813186825 4.5000000000000009 990500.00000000012 67423.076923076951 161500.00000000003 306000.00000000006 292500.00000000006 155500.00000000003 31346.153846153855 66500.000000000015 48500.000000000007 230500.00000000003 142500.00000000003 256500.00000000003 408000.00000000006 89500.000000000015 151500.00000000003 112500.00000000001 255500.00000000003 5166.666666666667 33916.666666666679
decision_type=2 2 2 2 2 2 2 2 10 2 2 8 2 8 8 8 10 2 8 10 10 10 8 10 10 10 8 10 8 10
left_child=2 3 6 9 8 19 -1 16 14 -2 23 -6 28 -9 15 27 18 -8 -5 -4 -15 -20 -16 -10 -14 -26 -11 -3 29 -7
right_child=1 4 5 7 11 12 17 13 10 26 -12 -13 24 20 22 -17 -18 -19 21 -21 -22 -23 -24 -25 25 -27 -28 -29 -30 -31
leaf_value=-2100.0352358706891 1492.2310547939385 17202.244414062501 -566.86699052774566 821.54194980468753 30167.630814137177 402.6790522648738 -1430.1247259835354 4142.4154242912928 12525.0439453125 2136.0528352193173 30188.244611150571 41107.975839120372 723.2263190320175 6716.9593825446245 16471.499358785379 3916.4522877762961 4903.549832327707 -974.69691914222085 3327.1745011706466 -177.18485940173252 9257.2224609375007 4578.4538350666544 9705.1598144531254 20343.905468750003 1616.3678289904838 8328.1664423403545 2925.4791704392219 9586.268671875001 288.67660896066064 -4864.7785102982953
leaf_weight=12688 7686 20 13922 125 34 52 9577 192 24 2320 22 27 7561 864 53 41 1120 12017 1640 12491 164 836 24 25 590 23 2438 35 12764 55
leaf_count=12688 7686 20 13922 125 34 52 9577 192 24 2320 22 27 7561 864 53 41 1120 12017 1640 12491 164 836 24 25 590 23 2438 35 12764 55
internal_value=0 2945.62 -637.485 2677.77 18213.1 -1.12888 -1518.42 4654.08 14013.9 1893.06 20751.3 35010.1 477.622 6653.26 11248.9 8751.45 3998.61 -1176.68 3608.94 -382.582 7122.22 3749.66 14362.5 16514.3 809.092 1868.2 2540.56 12355.7 267.116 -2304.89
internal_weight=0 17690 81740 17385 305 47458 34282 4941 244 12444 71 61 21045 1220 173 96 3721 21594 2601 26413 1028 2476 77 49 8174 613 4758 55 12871 107
internal_count=99430 17690 81740 17385 305 47458 34282 4941 244 12444 71 61 21045 1220 173 96 3721 21594 2601 26413 1028 2476 77 49 8174 613 4758 55 12871 107
is_linear=0
shrinkage=0.1


Tree=8
num_leaves=31
num_cat=0
split_feature=42 42 42 42 4 41 41 13 26 9 25 13 13 20 11 13 9 7 26 41 26 13 13 9 41 26 13 11 9 40
split_gain=1.34772e+13 4.9705e+12 4.0564e+12 1.92135e+12 1.18999e+12 8.36889e+11 8.04775e+11 4.21302e+11 3.89685e+11 3.41345e+11 2.97078e+11 1.88931e+11 1.84724e+11 1.78946e+11 1.71809e+11 1.64872e+11 1.63212e+11 1.42015e+11 1.38829e+11 1.32124e+11 1.28404e+11 1.48082e+11 1.27586e+11 1.23237e+11 1.20678e+11 1.06367e+11 1.01815e+11 9.64569e+10 8.75707e+10 8.3467e+10
threshold=89833.333333333358 339833.33333333337 46500.000000000007 149166.66666666672 55.950833515000006 28785.714285714294 65214.285714285717 106500.00000000001 252500.00000000003 137500.00000000003 165500.00000000003 150500.00000000003 40500.000000000007 800500.00000000012 396000.00000000006 83500.000000000015 40500.000000000007 81500.000000000015 138500.00000000003 54785.714285714297 110500.00000000001 119500.00000000001 356500.00000000006 175500.00000000003 13214.285714285716 92500.000000000015 30500.000000000004 230500.00000000003 20500.000000000004 105183.33333333336
decision_type=10 10 8 10 2 8 10 8 10 10 10 8 10 10 10 10 8 10 10 8 10 10 10 10 10 10 10 10 10 10
left_child=2 3 5 7 14 10 9 25 11 16 24 -5 -7 -6 -3 -8 26 -11 -9 -18 -14 -22 -10 -13 -1 28 -4 -25 -2 -17
right_child=1 4 6 8 13 12 15 18 22 17 -12 23 20 -15 -16 29 19 -19 -20 -21 21 -23 -24 27 -26 -27 -28 -29 -30 -31
leaf_value=-2069.5294520868188 -3378.6207353864397 7944.5341560132574 -1387.7274857881475 3608.1617434474861 36658.401269531249 -1010.449520657442 628.28465483751461 2602.6887581697379 9289.3766391647205 5577.6353857754038 10501.5713671875 4547.0142845249575 -491.9862519329555 25489.432399338944 16535.889421294007 1316.0811147815677 -303.45521753540277 941.31840515136719 4008.2072181827325 147.58561713338776 1064.7695433396559 10354.266979425605 17990.940234375001 5834.1088529225453 -1509.0899707569279 2080.2540229613351 -182.8273686135384 8507.6215340371473 1220.6847322753133 4395.3582698567707
leaf_weight=5720 42 33 1495 712 32 14171 9760 4057 107 147 20 717 10457 26 79 4016 10456 120 850 17142 78 22 20 834 11703 2156 1321 161 2886 90
leaf_count=5720 42 33 1495 712 32 14171 9760 4057 107 147 20 717 10457 26 79 4016 10456 120 850 17142 78 22 20 834 11703 2156 1321 161 2886 90
internal_value=0 3040.81 -445.753 2810.6 20025.3 -1148.69 219.694 2185.18 5260.05 -66.0445 -1679.1 4977.14 -774.544 31651.6 14004.5 851.942 -97.2967 3493.9 2846.16 -23.2993 -457.881 3108.46 10659.7 5546.49 -1693.08 1547.21 -822.503 6266.71 1154.71 1383.58
internal_weight=0 12712 86718 12542 170 42171 44547 9991 2551 30681 17443 2424 24728 58 112 13866 30414 267 4907 27598 10557 100 127 1712 17423 5084 2816 995 2928 4106
internal_count=99430 12712 86718 12542 170 42171 44547 9991 2551 30681 17443 2424 24728 58 112 13866 30414 267 4907 27598 10557 100 127 1712 17423 5084 2816 995 2928 4106
is_linear=0
shrinkage=0.1


Tree=9
num_leaves=31
num_cat=0
split_feature=39 39 39 39 4 39 39 20 39 12 2 27 0 29 12 39 13 9 12 1 8 13 12 17 13 13 12 15 9 42
split_gain=1.2468e+13 4.81955e+12 3.10837e+12 1.76799e+12 1.40697e+12 5.72501e+11 4.89807e+11 3.91766e+11 3.42106e+11 3.38329e+11 3.29483e+11 1.78617e+11 2.48992e+11 1.5052e+11 1.18995e+11 9.53141e+10 9.4888e+10 8.23868e+10 8.18341e+10 8.17836e+10 8.16473e+10 8.04034e+10 7.83698e+10 7.76832e+10 7.12125e+10 6.41501e+10 6.09983e+10 6.04596e+10 5.47201e+10 5.46334e+10
threshold=79587.912087912104 252285.71428571432 41016.483516483524 131434.06593406596 55.950833515000006 57532.967032967041 19703.29670329671 156500.00000000003 102758.24175824177 184500.00000000003 1158500.0000000002 314500.00000000006 676433.00000000012 800500.00000000012 73500.000000000015 30857.142857142859 141500.00000000003 149500.00000000003 2500.0000000000005 1.0000000180025095e-35 -147499.99999999997 53500.000000000007 80500.000000000015 2500.0000000000005 756000.00000000012 180500.00000000003 212500.00000000003 141500.00000000003 4500.0000000000009 10166.66666666667
decision_type=2 2 2 2 2 2 2 8 2 10 2 10 2 8 10 2 8 10 10 2 10 10 8 8 10 10 10 10 8 8
left_child=2 3 6 8 7 21 -1 -3 22 16 11 12 -9 -6 29 -8 18 23 -5 -18 -20 -4 -2 -10 -15 -11 -19 28 -17 -7
right_child=1 4 5 9 13 14 15 10 17 25 -12 -13 -14 24 -16 27 19 26 20 -21 -22 -23 -24 -25 -26 -27 -28 -29 -30 -31
leaf_value=-1764.2755686995963 812.39684705238028 24911.206239624025 -402.24912688463763 -1816.8035096864442 21368.766162109376 -1758.4859199292732 -1193.1915731670313 8496.5106067288307 -390.09937921697446 4811.731699054998 16573.249935963115 13576.432231212799 -2259.8419642857143 36017.607886904763 805.69362810452776 -1548.7363999884742 9123.4638719128034 3298.3197477482568 9143.911854771206 3942.509403526461 2834.7617425547032 -25.327205493694933 1493.0582057319752 2304.1122390561168 27679.925476074219 6519.8634363398833 7874.0333496093754 4704.6330773925783 -742.80067222429363 285.18643078880075
leaf_weight=11407 2287 20 18504 37 20 132 10431 93 110 369 61 42 28 21 5691 904 31 484 21 1776 882 8153 6497 3950 20 544 31 20 12374 14490
leaf_count=11407 2287 20 18504 37 20 132 10431 93 110 369 61 42 28 21 5691 904 31 484 21 1776 882 8153 6497 3950 20 544 31 20 12374 14490
internal_value=0 2437.83 -514.371 2214.54 14897.2 17.7927 -1225.77 11501.2 1681.05 4161.78 10303.9 7957.73 6007.44 28481 417.734 -966.9 3607.49 2382.25 2792.62 4031.39 2981.49 -286.968 1315.84 2231.12 31950.4 5829.5 3573.75 -789.395 -797.671 266.737
internal_weight=0 17324 82106 17019 305 46970 35136 244 13359 3660 224 163 121 61 20313 23729 2747 4575 940 1807 903 26657 8784 4060 41 913 515 13298 13278 14622
internal_count=99430 17324 82106 17019 305 46970 35136 244 13359 3660 224 163 121 61 20313 23729 2747 4575 940 1807 903 26657 8784 4060 41 913 515 13298 13278 14622
is_linear=0
shrinkage=0.1


Tree=10
num_leaves=31
num_cat=0
split_feature=39 39 39 39 12 39 39 12 21 33 12 12 25 12 8 39 12 33 10 8 15 13 13 12 16 26 41 29 15 42
split_gain=1.01269e+13 3.64171e+12 3.08152e+12 1.04616e+12 9.56885e+11 6.27612e+11 5.06513e+11 2.63446e+11 2.6311e+11 3.41875e+11 1.8566e+11 1.57297e+11 1.43119e+11 1.30836e+11 1.23469e+11 1.1554e+11 1.15084e+11 9.76192e+10 9.50282e+10 9.59634e+10 8.56652e+10 8.45735e+10 7.23774e+10 8.23345e+10 7.17667e+10 6.87172e+10 6.43949e+10 6.39524e+10 5.91874e+10 5.87409e+10
threshold=89252.747252747271 252285.71428571432 46351.648351648357 145791.20879120883 590500.00000000012 28939.560439560442 65763.736263736282 119500.00000000001 418500.00000000006 590500.00000000012 199500.00000000003 306000.00000000006 483500.00000000006 1.0000000180025095e-35 -219499.99999999997 11302.197802197805 58500.000000000007 89500.000000000015 447000.00000000006 58500.000000000007 484500.00000000006 103500.00000000001 10500.000000000002 205500.00000000003 853000.00000000012 98500.000000000015 36500.000000000007 153500.00000000003 1.0000000180025095e-35 55166.666666666679
decision_type=2 2 2 2 10 2 2 10 10 8 10 8 8 8 8 2 10 10 8 8 10 8 8 10 8 8 8 10 10 8
left_child=2 3 5 7 8 15 16 21 11 20 13 12 -3 25 -15 -1 -4 -8 19 -13 -10 27 -9 -24 -6 -5 -7 -2 -19 -23
right_child=1 4 6 10 24 26 17 22 9 -11 -12 18 -14 14 -16 -17 -18 28 -20 -21 -22 29 23 -25 -26 -27 -28 -29 -30 -31
leaf_value=-1848.6594516828716 1280.4601965638012 8651.4927257283543 -182.94782566979083 -5907.9487033843998 22460.650813293458 -879.27283855689006 612.88900443490104 638.3415562670159 15488.011035156251 26005.779874320651 5771.1923652280611 12235.941025641026 192.21869791666666 10837.49744921875 3760.8675918211939 -1263.3923590578299 240.5514670346189 3829.5537906607406 16115.632748413087 3716.0973681640626 6947.543050130208 6829.9432810465505 2689.0074836017229 5554.2254957419173 29880.10693359375 1766.7166024344308 -530.66328263236539 -1392.5691449040953 1282.618391542801 1866.6132807754384
leaf_weight=4331 3301 60 17317 20 32 7621 12762 165 23 23 580 39 30 25 1787 15250 10194 97 32 20 24 24 2813 104 22 28 17389 92 1537 3688
leaf_count=4331 3301 60 17317 20 32 7621 12762 165 23 23 580 39 30 25 1787 15250 10194 97 32 20 24 24 2813 104 22 28 17389 92 1537 3688
internal_value=0 2610.06 -390.221 2349.25 13407.5 -968.848 225.466 1903.78 10809.5 16015.7 4209.1 8796.02 5831.73 3722 3858.5 -1392.84 -26.0233 706.067 11727.7 9347.86 11126.9 1568.85 2675.91 2791.16 25483.4 -1431.06 -636.891 1207.98 1433.81 1898.7
internal_weight=0 12932 86498 12627 305 44591 41907 10187 251 70 2440 181 90 1860 1812 19581 27511 14396 91 59 47 7105 3082 2917 54 48 25010 3393 1634 3712
internal_count=99430 12932 86498 12627 305 44591 41907 10187 251 70 2440 181 90 1860 1812 19581 27511 14396 91 59 47 7105 3082 2917 54 48 25010 3393 1634 3712
is_linear=0
shrinkage=0.1


Tree=11
num_leaves=31
num_cat=0
split_feature=42 11 42 42 4 13 23 19 19 9 13 19 33 24 13 9 19 11 30 26 26 19 26 33 13 13 9 26 7 26
split_gain=7.25418e+12 2.81499e+12 1.87544e+12 1.36641e+12 5.80447e+11 5.2548e+11 3.19844e+11 3.10816e+11 3.08484e+11 2.29592e+11 2.17443e+11 1.991e+11 1.68737e+11 1.74049e+11 1.3722e+11 1.34689e+11 1.23212e+11 1.16124e+11 1.09335e+11 1.42304e+11 1.05206e+11 9.82333e+10 9.75138e+10 9.5488e+10 9.03528e+10 8.82324e+10 8.48901e+10 8.41638e+10 6.25765e+10 6.10943e+10
threshold=80500.000000000015 396000.00000000006 36166.666666666679 141166.66666666672 55.950833515000006 60500.000000000007 219500.00000000003 115500.00000000001 214500.00000000003 96500.000000000015 21500.000000000004 856500.00000000012 250500.00000000003 456500.00000000006 81500.000000000015 48500.000000000007 152500.00000000003 116500.00000000001 106500.00000000001 103500.00000000001 77500.000000000015 183500.00000000003 181500.00000000003 81500.000000000015 435500.00000000006 315500.00000000006 189500.00000000003 114500.00000000001 84500.000000000015 85500.000000000015
decision_type=10 10 8 10 2 10 10 10 10 10 10 8 8 8 8 8 8 8 10 10 10 10 8 8 10 10 10 10 10 10
left_child=2 3 6 7 12 9 10 14 16 15 -1 -6 -3 -14 -2 -4 23 -11 28 -20 -7 -22 -10 29 -15 -24 -19 -9 -12 -5
right_child=1 4 5 8 11 20 -8 27 22 17 18 -13 13 24 -16 -17 -18 26 19 -21 21 -23 25 -25 -26 -27 -28 -29 -30 -31
leaf_value=-1349.7890484739089 512.38289449682702 4189.4483170047888 -488.11415462375112 -3243.9062119504242 17579.719306743507 307.33019090597969 11578.188645935059 1689.5433712090512 2378.5048120530987 225.5662499197324 -819.22154541624229 29280.578996394233 20000.762451171875 4432.8390527343754 1305.853134893383 -110.13162542198293 3763.3763379215779 1907.158793783937 261.44702301025393 10301.293027343751 922.79621504142688 7098.2953397310703 6230.2022205224457 2668.4727929871951 12858.482477678572 11321.105422491777 5869.0871272011409 2783.5742015036758 2656.5534705528848 2073.2688861083984
leaf_weight=13890 3048 31 18008 47 33 13770 20 1348 59 480 13294 26 24 20 7649 19785 1718 382 48 20 2769 26 327 910 35 38 63 1470 52 40
leaf_count=13890 3048 31 18008 47 33 13770 20 1348 59 480 13294 26 24 20 7649 19785 1718 382 48 20 2769 26 327 910 35 38 63 1470 52 40
internal_value=0 1892.75 -385.46 1762.44 14733.9 -50.4792 -1063.21 1325.9 3641.95 -252.14 -1072.47 22736 10441.8 12895.2 1079.76 -290.237 3250.19 1304.39 -785.3 3214.34 420.87 980.243 6150.5 2365.88 9794.61 6760.21 2468.06 2260.24 -805.679 -799.228
internal_weight=0 16823 82607 16654 169 55283 27324 13515 3139 38718 27304 59 110 79 10697 37793 2715 925 13414 68 16565 2795 424 997 55 365 445 2818 13346 87
internal_count=99430 16823 82607 16654 169 55283 27324 13515 3139 38718 27304 59 110 79 10697 37793 2715 925 13414 68 16565 2795 424 997 55 365 445 2818 13346 87
is_linear=0
shrinkage=0.1


Tree=12
num_leaves=31
num_cat=0
split_feature=9 1 13 13 9 12 12 25 12 12 11 12 38 9 12 12 25 1 12 20 11 15 25 1 35 20 41 25 28 20
split_gain=5.86385e+12 2.26617e+12 1.75242e+12 1.00228e+12 6.23535e+11 5.62533e+11 4.41102e+11 3.54605e+11 3.33933e+11 3.16543e+11 1.50803e+11 1.47968e+11 1.34367e+11 1.20921e+11 1.20002e+11 1.1995e+11 1.29566e+11 1.12439e+11 1.04057e+11 1.0307e+11 9.39681e+10 8.85061e+10 7.82264e+10 7.7518e+10 6.99707e+10 6.09193e+10 6.02638e+10 5.2456e+10 5.21658e+10 5.18274e+10
threshold=90500.000000000015 355500.00000000006 50500.000000000007 142500.00000000003 30500.000000000004 590500.00000000012 75500.000000000015 201500.00000000003 212500.00000000003 86500.000000000015 119500.00000000001 42500.000000000007 316500.00000000006 155500.00000000003 15500.000000000002 113500.00000000001 174500.00000000003 77500.000000000015 58500.000000000007 304500.00000000006 212500.00000000003 83500.000000000015 94500.000000000015 217500.00000000003 151500.00000000003 550000.00000000012 85214.285714285725 720000.00000000012 121500.00000000001 135500.00000000003
decision_type=10 2 10 10 8 8 10 10 10 8 8 8 8 10 10 10 10 2 10 10 10 8 10 2 8 10 10 8 10 10
left_child=2 3 4 9 7 12 18 14 13 -2 -11 26 -3 -5 29 -8 -17 -13 -4 -10 -12 22 -15 -19 -18 -7 -6 -14 -16 -1
right_child=1 5 6 8 11 25 15 -9 19 10 20 17 27 21 28 16 24 23 -20 -21 -22 -23 -24 -25 -26 -27 -28 -29 -30 -31
leaf_value=-1321.057158121843 468.49349054934783 1992.078583984375 -117.82225936441924 2212.112794886023 -642.8152411690246 26023.372172619049 818.70213617197874 12240.790263671875 5434.8229008615754 1321.7900020800998 2149.0971718150354 -258.49534807298738 9688.1438052133417 10641.009954833986 -850.19128317088018 1852.1742742567619 11862.776398925782 607.32740485226952 292.82580651127586 10881.717737458883 5692.1696878309376 3379.2920947497764 4230.8888930949761 6124.9202636718755 3690.2502596768463 19210.537273995535 4850.722624511719 15436.985572451638 -3856.542583281418 -5973.5352989196781
leaf_weight=10200 3166 20 13558 1230 12804 21 6706 20 405 4835 2687 16950 65 32 11842 654 20 1232 11325 38 77 1290 47 26 22 35 20 21 58 24
leaf_count=10200 3166 20 13558 1230 12804 21 6706 20 405 4835 2687 16950 65 32 11842 654 20 1232 11325 38 77 1290 47 26 22 35 20 21 58 24
internal_value=0 1899.48 -310.478 1761.51 -663.318 13658.1 270.677 -1068.69 3364.29 1308.6 1658.61 -374.053 9374.98 2931.72 -1080.72 948.39 2197.94 -190.796 69.076 5902.05 2247.8 3578.27 6827.39 721.364 7581.93 21765.4 -634.248 11091.9 -864.844 -1331.98
internal_weight=0 13969 85461 13807 53176 162 32285 22144 3042 10765 7599 31032 106 2599 22124 7402 696 18208 24883 443 2764 1369 79 1258 42 56 12824 86 11900 10224
internal_count=99430 13969 85461 13807 53176 162 32285 22144 3042 10765 7599 31032 106 2599 22124 7402 696 18208 24883 443 2764 1369 79 1258 42 56 12824 86 11900 10224
is_linear=0
shrinkage=0.1


Tree=13
num_leaves=31
num_cat=0
split_feature=39 39 39 39 18 33 11 39 19 11 39 13 13 19 9 33 24 26 9 39 19 19 23 17 8 8 39 9 16 19
split_gain=5.5592e+12 2.15713e+12 1.40117e+12 8.26511e+11 6.1224e+11 4.4906e+11 3.33932e+11 2.80581e+11 2.13716e+11 2.08787e+11 2.08465e+11 1.65951e+11 1.24428e+11 8.90807e+10 7.57567e+10 6.20957e+10 7.29261e+10 5.88319e+10 5.87005e+10 5.7257e+10 5.61897e+10 5.39816e+10 5.31654e+10 5.28526e+10 5.51786e+10 5.14095e+10 5.09175e+10 4.84633e+10 1.63898e+11 4.74526e+10
threshold=78873.626373626394 252285.71428571432 43285.71428571429 126521.97802197804 582500.00000000012 1022000.0000000001 532500.00000000012 23967.03296703297 185500.00000000003 164500.00000000003 61923.076923076929 327500.00000000006 103500.00000000001 138500.00000000003 508000.00000000006 116500.00000000001 205500.00000000003 210500.00000000003 161500.00000000003 200807.69230769234 120500.00000000001 58500.000000000007 184500.00000000003 8500.0000000000018 -219499.99999999997 -114499.99999999999 10005.494505494507 23500.000000000004 148500.00000000003 255500.00000000003
decision_type=2 2 2 2 10 8 10 2 10 8 2 8 8 8 8 10 10 10 10 2 10 10 10 8 8 10 2 8 8 10
left_child=2 3 7 12 6 -6 9 26 13 -3 21 29 22 15 25 16 -5 -10 20 27 -14 -4 -2 -9 -25 -13 -1 28 -15 -11
right_child=1 4 10 8 5 -7 -8 23 17 11 -12 14 18 19 -16 -17 -18 -19 -20 -21 -22 -23 -24 24 -26 -27 -28 -29 -30 -31
leaf_value=-1496.3023284539709 841.65023582251888 -3022.2147167968751 -184.85993296119386 1172.4814173725674 12405.989001267957 31625.456679687501 18910.61596484375 -1100.5080003297717 3560.0389801514975 1984.9932202148439 359.98881669968091 4433.205014648438 1199.0848191108705 12592.393215332033 15127.868992187499 2356.6619629436896 -3597.3312002742991 5401.9390149728242 2913.2165435286352 5388.3744635331004 2032.1022707721977 136.44208829854551 -1490.6462948577573 3824.2047565328667 -540.62481112136913 10200.78246495864 -1036.3245833451756 2529.3883033238417 447.08305468750007 6494.6294991629475
leaf_weight=3050 7665 20 22128 560 31 20 25 1784 561 40 14091 20 4084 20 25 576 34 251 257 76 1010 6847 99 29 22404 68 11407 2167 25 56
leaf_count=3050 7665 20 22128 560 31 20 25 1784 561 40 14091 20 4084 20 25 576 34 251 257 76 1010 6847 99 29 22404 68 11407 2167 25 56
internal_value=0 1607.31 -347.852 1461.05 9944.36 19943 7936.75 -784.756 2669.44 6738.73 44.4954 7672.79 1067.62 2326.62 10270 1616.85 899.462 4129.39 1438.64 2689.57 1364.25 -108.934 811.911 -576.643 -534.982 8889.97 -1133.37 2596.84 5845 4615.61
internal_weight=0 17690 81740 17385 305 51 254 38674 4270 229 43066 209 13115 3458 113 1170 594 812 5351 2288 5094 28975 7764 24217 22433 88 14457 2212 45 96
internal_count=99430 17690 81740 17385 305 51 254 38674 4270 229 43066 209 13115 3458 113 1170 594 812 5351 2288 5094 28975 7764 24217 22433 88 14457 2212 45 96
is_linear=0
shrinkage=0.1


Tree=14
num_leaves=31
num_cat=0
split_feature=39 39 39 4 12 39 16 12 2 19 19 12 26 19 5 4 19 9 39 22 12 42 31 25 41 12 26 26 9 8
split_gain=4.53226e+12 1.55679e+12 1.54171e+12 4.99118e+11 4.1478e+11 3.22165e+11 2.73567e+11 2.65651e+11 1.18481e+11 1.10657e+11 1.02246e+11 8.71006e+10 6.6944e+10 6.65199e+10 6.37978e+10 1.06664e+11 6.04933e+10 5.54603e+10 5.22475e+10 5.22278e+10 7.20321e+10 5.86973e+10 5.1237e+10 4.8541e+10 4.69488e+10 4.6428e+10 4.42088e+10 4.10623e+10 4.05153e+10 3.48659e+10
threshold=93934.065934065948 252285.71428571432 47609.890109890119 55.950833515000006 151500.00000000003 28780.219780219784 156500.00000000003 69500.000000000015 1158500.0000000002 856500.00000000012 183500.00000000003 116500.00000000001 263500.00000000006 89500.000000000015 27.500000000000004 55.543903175000004 16500.000000000004 194500.00000000003 62609.890109890119 184500.00000000003 61500.000000000007 10166.66666666667 139500.00000000003 98500.000000000015 87357.142857142884 35500.000000000007 205500.00000000003 162500.00000000003 164500.00000000003 -335499.99999999994
decision_type=2 2 2 2 10 2 8 10 2 8 10 8 10 10 2 2 10 10 2 10 10 10 8 8 10 10 8 10 10 10
left_child=2 4 5 6 11 16 -3 18 14 -5 23 12 19 -9 15 -8 -1 -13 -4 21 -21 -2 -12 -6 25 -7 -24 -20 -15 -23
right_child=1 3 7 9 10 24 8 13 -10 -11 22 17 -14 28 -16 -17 -18 -19 27 20 -22 29 26 -25 -26 -27 -28 -29 -30 -31
leaf_value=-1093.0082356892988 6390.9393043154769 18133.140996093753 -67.220354000523344 12850.638155241935 506.48821699959893 -578.17053953445816 -928.55303276909729 447.88367186989484 9686.2397480949039 21370.104050292968 6217.0791161475245 1648.3420820510946 6855.0674841308592 945.65516082811814 9809.8923535156264 5364.1094886280671 -730.29967891967544 3513.7630290414049 217.21295154229148 -4034.5233008851401 760.15768342525405 3109.8933602832617 2671.7990629157011 2548.6311043832375 4312.0885370163696 -313.24576869660621 4226.0366671018965 3389.7076538085939 4418.157940314798 1053.236138603366
leaf_weight=11486 21 20 19129 31 126 10940 36 11133 61 30 77 3492 20 2853 20 107 7668 167 8290 47 94 84 341 1527 21 16733 395 41 34 4406
leaf_count=11486 21 20 19129 31 126 10940 36 11133 61 30 77 3492 20 2853 20 107 7668 167 8290 47 94 84 341 1527 21 16733 395 41 34 4406
internal_value=0 1904.35 -239.359 8949.92 1705.33 -632.48 6927.27 204.635 5926.74 17040.5 2844.55 1368.11 1081.96 558.806 4519.81 3779.94 -947.804 1733.48 23.8097 1057.14 -838.069 1116.38 3762.71 2392.97 -414.392 -417.979 3505.93 232.826 986.551 1091.71
internal_weight=0 11102 88328 305 10797 46848 244 41480 224 61 2466 8331 4672 14020 163 143 19154 3659 27460 4652 141 4511 813 1653 27694 27673 736 8331 2887 4490
internal_count=99430 11102 88328 305 10797 46848 244 41480 224 61 2466 8331 4672 14020 163 143 19154 3659 27460 4652 141 4511 813 1653 27694 27673 736 8331 2887 4490
is_linear=0
shrinkage=0.1


Tree=15
num_leaves=31
num_cat=0
split_feature=39 39 39 39 18 10 29 39 39 39 13 10 19 41 41 26 21 19 26 8 9 35 8 40 13 9 13 17 21 26
split_gain=3.68976e+12 1.45941e+12 8.34842e+11 6.54408e+11 4.39591e+11 3.51733e+11 3.05657e+11 1.78762e+11 1.56594e+11 1.27472e+11 1.21198e+11 9.08613e+10 8.02167e+10 6.66588e+10 7.66592e+10 6.1096e+10 5.42862e+10 5.01609e+10 4.52348e+10 4.39883e+10 4.3788e+10 7.31773e+10 4.34841e+10 4.14615e+10 4.9987e+10 5.07856e+10 3.98111e+10 3.93758e+10 3.90907e+10 3.81437e+10
threshold=73714.285714285725 252285.71428571432 37868.131868131873 117791.20879120879 582500.00000000012 594000.00000000012 855500.00000000012 171978.02197802201 52412.087912087918 19703.29670329671 315500.00000000006 236500.00000000003 103500.00000000001 57928.571428571435 84500.000000000015 71500.000000000015 105500.00000000001 66500.000000000015 148500.00000000003 149500.00000000003 175500.00000000003 78500.000000000015 -262499.99999999994 32750.000000000004 34500.000000000007 35500.000000000007 236500.00000000003 154500.00000000003 233500.00000000003 132500.00000000003
decision_type=2 2 2 2 10 8 8 2 2 2 8 10 10 8 8 8 10 10 10 8 10 8 8 8 8 10 8 10 10 8
left_child=2 3 9 12 5 10 -6 13 -4 -1 11 -3 -2 -5 -15 16 -16 23 -14 -12 -17 -22 -11 -10 25 -25 29 -19 -13 -9
right_child=1 4 8 7 6 -7 -8 26 17 22 19 28 18 14 15 20 -18 27 -20 -21 21 -23 -24 24 -26 -27 -28 -29 -30 -31
leaf_value=-983.12528624059325 614.91632471893558 -3558.6510644531249 -236.97050053142976 -3551.4205459594727 9228.4520254629642 16719.080025298023 24738.56249186198 40.344913228352866 3171.1365978422618 4098.3342968750003 8186.6765822390298 7678.7950613839294 1105.4529637303001 7910.0864950561518 -3198.8111710981889 1659.5823385013709 916.80599913516289 333.79888073197509 2909.6482106247995 3671.1769845145095 8291.3436345880673 2394.3656664068053 -566.90085420932439 -2273.8226228521112 58.886962386398785 -292.77545844894928 4231.1342753947283 4670.2794734409881 2686.8413164692543 2930.8455020003967
leaf_weight=11407 11671 20 23241 24 27 29 24 48 42 20 94 21 2884 20 44 3741 118 7203 146 28 22 484 19439 178 16726 474 238 21 62 934
leaf_count=11407 11671 20 23241 24 27 29 24 48 42 20 94 21 2884 20 44 3741 118 7203 146 28 22 484 19439 178 16726 474 238 21 62 934
internal_value=0 1188.79 -312.16 1086 8054.93 6353.78 16527.3 1998.33 -50.7547 -717.7 5017.81 2491.9 733.938 1704.51 1732.99 1704.97 -201.016 124.86 1192.39 7150.33 1777.67 2650.76 -562.106 32.9859 25.4015 -833.613 3070.78 346.405 3949.87 2789.56
internal_weight=0 20679 78751 20374 305 254 51 5673 47885 30866 225 103 14701 4453 4429 4409 162 24644 3030 122 4247 506 19459 17420 17378 652 1220 7224 83 982
internal_count=99430 20679 78751 20374 305 254 51 5673 47885 30866 225 103 14701 4453 4429 4409 162 24644 3030 122 4247 506 19459 17420 17378 652 1220 7224 83 982
is_linear=0
shrinkage=0.1


Tree=16
num_leaves=31
num_cat=0
split_feature=39 39 39 18 6 12 39 11 12 11 12 33 13 11 8 33 42 9 39 33 13 42 14 11 12 3 23 14 9 13
split_gain=3.00315e+12 1.0366e+12 9.80369e+11 3.56069e+11 4.31355e+11 3.08055e+11 2.129e+11 2.12291e+11 1.78817e+11 1.64827e+11 1.09912e+11 1.02738e+11 6.83359e+10 6.80197e+10 6.3867e+10 5.67807e+10 5.33601e+10 5.16392e+10 5.15046e+10 5.12848e+10 5.07339e+10 4.94447e+10 5.07353e+10 7.11571e+10 4.5548e+10 4.20032e+10 4.35751e+10 3.93635e+10 3.99819e+10 9.56459e+10
threshold=91686.81318681319 252285.71428571432 47291.208791208795 582500.00000000012 3.5000000000000004 136500.00000000003 29296.703296703301 532500.00000000012 66500.000000000015 164500.00000000003 327500.00000000006 181500.00000000003 115500.00000000001 238500.00000000003 53500.000000000007 88500.000000000015 57166.666666666679 205500.00000000003 11302.197802197805 72500.000000000015 10500.000000000002 5166.666666666667 9500.0000000000018 106500.00000000001 206500.00000000003 37.862894175000008 93500.000000000015 120500.00000000001 155500.00000000003 132500.00000000003
decision_type=2 2 2 10 2 10 2 10 10 8 8 10 8 10 10 10 8 10 2 8 8 10 8 10 10 2 10 10 10 10
left_child=2 5 6 7 -5 12 18 9 27 -3 -11 13 19 20 -12 -10 -14 -18 -1 -2 -7 -21 23 -23 -22 26 -19 28 -4 -30
right_child=1 3 8 4 -6 11 -8 -9 15 10 14 -13 16 -15 -16 -17 17 25 -20 21 24 22 -24 -25 -26 -27 -28 -29 29 -31
leaf_value=-1068.0668016520474 -724.39151300751007 -3909.5263378906257 -4.4014981596240466 6203.8611373336234 24629.170353190104 -11.235835431073163 -330.58112104654293 14468.164132812501 346.69917671463287 3175.8246710266731 6293.1060473632815 3272.3194136140496 5603.4807095231681 4862.2023431726402 11703.501223958334 913.99956403145427 1217.0623848637135 5789.1704999248796 -678.48439023241815 -3802.816363790761 1755.2823020522055 699.79595102163466 810.16918024528741 8633.6916760253916 3158.9758905708791 318.75230841385695 1561.0542718349361 -1155.8173727602573 344.48982991536462 7336.3186171875004
leaf_weight=4331 226 20 25106 27 24 148 26474 25 13569 99 80 639 29 74 30 2028 3352 65 15677 23 2383 26 4211 20 256 38 39 296 90 25
leaf_count=4331 226 20 25106 27 24 148 26474 25 13569 99 80 639 29 74 30 2028 3352 65 15677 23 2383 26 4211 20 256 38 39 296 90 25
internal_value=0 1495.22 -202.001 7249.44 14874.6 1342.99 -516.634 5718.4 153.713 4763.19 5593.11 2125.91 1001.71 1869.86 7768.67 420.462 1331.64 1296.19 -762.815 743.745 1790.41 821.268 846.251 4149.32 1891.45 3164.01 4203.63 -9.3355 4.1199 1864.45
internal_weight=0 11834 87596 305 51 11529 46482 254 41114 229 209 3500 8029 2861 110 15597 3523 3494 20008 4506 2787 4280 4257 46 2639 142 104 25517 25221 115
internal_count=99430 11834 87596 305 51 11529 46482 254 41114 229 209 3500 8029 2861 110 15597 3523 3494 20008 4506 2787 4280 4257 46 2639 142 104 25517 25221 115
is_linear=0
shrinkage=0.1


Tree=17
num_leaves=31
num_cat=0
split_feature=39 39 39 21 28 39 11 7 39 1 26 11 32 39 33 8 2 10 15 14 17 1 20 21 19 6 7 19 20 42
split_gain=2.45048e+12 9.75684e+11 5.58751e+11 3.48405e+11 3.66034e+11 3.40046e+11 2.4547e+11 1.65434e+11 1.21596e+11 8.22757e+10 8.70245e+10 8.14872e+10 7.3716e+10 6.68749e+10 6.51981e+10 6.30226e+10 8.61202e+10 5.53594e+10 8.12556e+10 5.40178e+10 7.27027e+10 5.04589e+10 4.79533e+10 4.71992e+10 4.39859e+10 4.13658e+10 4.13171e+10 3.89537e+10 3.69211e+10 3.48485e+10
threshold=73714.285714285725 200807.69230769234 35868.131868131873 418500.00000000006 745000.00000000012 115593.4065934066 532500.00000000012 -1.0000000180025095e-35 52412.087912087918 20500.000000000004 164500.00000000003 157500.00000000003 247500.00000000003 16384.615384615387 101500.00000000001 45500.000000000007 1158500.0000000002 66500.000000000015 129500.00000000001 84500.000000000015 77500.000000000015 396000.00000000006 214500.00000000003 46500.000000000007 212500.00000000003 2.5000000000000004 -14499.999999999998 83500.000000000015 25500.000000000004 129500.00000000001
decision_type=2 2 2 10 8 2 10 10 2 2 8 8 10 2 10 10 2 8 10 8 10 2 8 8 10 2 10 8 8 10
left_child=2 5 13 6 15 14 9 -6 -4 -3 -11 19 17 -1 27 16 -5 18 -13 20 -7 -12 -22 26 -16 -10 -19 29 -25 -2
right_child=1 3 8 4 7 11 -8 -9 25 10 21 12 -14 -15 24 -17 -18 23 -20 -21 22 -23 -24 28 -26 -27 -28 -29 -30 -31
leaf_value=-845.41168642237062 282.40323900738753 -2832.5754301525299 -207.65117529625888 -1580.7610595703127 10746.10356994629 -4119.4627822503817 13864.801753566579 23312.494502397021 255.79923887161928 -2716.9092710949126 3590.9149366816769 10141.893494873048 6488.0391479492191 -511.24044909646045 1040.4126902148635 9674.0195363362636 7147.5414776141833 -4469.6129516601568 2064.1021236535275 1311.4483964625483 -78.491649941222306 7980.3258601597381 4929.6421708540483 -2073.2575396993884 5751.003151702881 -7.6359288252242594 1810.4397332763672 626.97677304605418 1957.3674259688096 -2274.5567203097876
leaf_weight=8845 4118 21 26718 20 20 41 23 22 10100 21 405 20 36 18544 2236 24 26 22 33 3461 146 28 22 23 20 14544 20 7907 1910 54
leaf_count=8845 4118 21 26718 20 20 41 23 22 10100 21 405 20 36 18544 2236 24 26 22 33 3461 146 28 22 23 20 14544 20 7907 1910 54
internal_value=0 968.79 -254.392 4908.71 9948.16 849.036 3775.34 17328.5 -59.8791 3286.8 3569.86 1499.88 2002.56 -619.158 588.699 5519.96 3352.63 1922.94 5112.33 1217.17 -344.046 3874.76 577.335 1837.35 1082.17 100.329 -1479.11 496.532 1909.41 249.307
internal_weight=0 20679 78751 610 112 20069 498 42 51362 475 454 5734 2064 27389 14335 70 46 2028 53 3670 209 433 168 1975 2256 24644 42 12079 1933 4172
internal_count=99430 20679 78751 610 112 20069 498 42 51362 475 454 5734 2064 27389 14335 70 46 2028 53 3670 209 433 168 1975 2256 24644 42 12079 1933 4172
is_linear=0
shrinkage=0.1


Tree=18
num_leaves=31
num_cat=0
split_feature=39 39 39 39 12 17 12 12 12 19 19 19 23 5 11 23 16 12 36 22 9 35 31 17 2 11 41 29 41 40
split_gain=1.9887e+12 8.16097e+11 4.12837e+11 3.15916e+11 2.54529e+11 2.70526e+11 1.07359e+11 1.003e+11 9.54232e+10 7.07317e+10 5.65855e+10 5.5461e+10 5.44015e+10 4.68132e+10 4.66555e+10 4.51237e+10 4.44505e+10 4.06724e+10 4.03942e+10 4.63827e+10 3.8131e+10 4.62295e+10 5.95123e+10 4.11287e+10 3.70737e+10 3.93924e+10 3.53634e+10 3.44365e+10 3.39308e+10 6.94886e+10
threshold=70543.956043956059 200807.69230769234 34835.16483516484 108791.20879120882 590500.00000000012 1.0000000180025095e-35 52500.000000000007 152500.00000000003 161500.00000000003 263500.00000000006 90500.000000000015 21500.000000000004 813000.00000000012 27.500000000000004 238500.00000000003 204500.00000000003 126500.00000000001 156500.00000000003 174500.00000000003 110500.00000000001 165500.00000000003 88500.000000000015 99500.000000000015 59500.000000000007 607500.00000000012 655500.00000000012 58500.000000000007 101500.00000000001 14642.857142857143 33916.666666666679
decision_type=2 2 2 2 10 8 10 8 10 8 10 10 8 2 10 10 10 10 8 10 10 8 10 8 2 8 8 10 8 10
left_child=2 3 11 10 5 -3 28 -7 15 -9 16 -1 -6 24 -10 20 -2 -18 19 -17 23 22 -22 27 -11 -26 -25 -5 29 -4
right_child=1 4 6 8 12 7 -8 9 14 13 -12 -13 -14 -15 -16 18 17 -19 -20 -21 21 -23 -24 26 25 -27 -28 -29 -30 -31
leaf_value=-685.81105845509614 377.60968214758748 14914.811145600819 -299.49281722631207 -2238.6333004274234 14521.066109212241 -3267.5839444247158 90.548483470673318 2451.2679161399606 1857.9387976675175 2837.4639207922896 747.30860386987194 -386.71228875467477 8133.4886108398441 9445.6810742187499 4991.7535016741076 5068.8334339488647 -384.38034243150196 -3875.1211211333402 -1868.9892416649259 -253.78947837352754 8830.7604820614779 1621.2134540323912 1467.7348781419837 5176.3981497628347 4706.8148599267979 9301.1883522727276 1062.6107527920738 752.85636856254496 -194.95041724363711 -3815.1080992879747
leaf_weight=15978 10543 21 195 69 24 22 21355 256 1559 92 4939 10130 30 20 49 22 341 37 97 64 21 587 23 21 123 22 4233 87 28391 79
leaf_count=15978 10543 21 195 69 24 22 21355 256 1559 92 4939 10130 30 20 49 22 341 37 97 64 21 587 23 21 123 22 4233 87 28391 79
internal_value=0 808.354 -247.429 711.324 4417.84 3781.25 -79.1877 3344.23 1279.82 3627.78 466.434 -569.76 10972.4 4799.71 1953.43 1072.47 339.409 -726.067 -470.055 1107.81 1128.47 1855.56 4981.91 1024.44 4407.64 5403.89 1082.92 -570.303 -205.639 -1313.12
internal_weight=0 23302 76128 22692 610 556 50020 535 6832 513 15860 26108 54 257 1608 5224 10921 378 183 86 5041 631 44 4410 237 145 4254 156 28665 274
internal_count=99430 23302 76128 22692 610 556 50020 535 6832 513 15860 26108 54 257 1608 5224 10921 378 183 86 5041 631 44 4410 237 145 4254 156 28665 274
is_linear=0
shrinkage=0.1


Tree=19
num_leaves=31
num_cat=0
split_feature=12 42 13 12 24 13 9 12 12 9 17 13 26 36 20 9 29 12 8 13 16 12 2 16 9 16 26 32 42 0
split_gain=1.46882e+12 5.29559e+11 3.7834e+11 3.61165e+11 3.02653e+11 1.48545e+11 1.12727e+11 1.05595e+11 7.94149e+10 7.50745e+10 6.91345e+10 6.48938e+10 6.48303e+10 5.99656e+10 5.9294e+10 5.19027e+10 4.82566e+10 4.71456e+10 4.56352e+10 4.47613e+10 4.48015e+10 4.43596e+10 5.31033e+10 3.95285e+10 3.79992e+10 3.53237e+10 5.79243e+10 3.4817e+10 3.03748e+10 3.7598e+10
threshold=76500.000000000015 155833.33333333334 40500.000000000007 590500.00000000012 240500.00000000003 83500.000000000015 155500.00000000003 215500.00000000003 14500.000000000002 56500.000000000007 23500.000000000004 114500.00000000001 138500.00000000003 173500.00000000003 129500.00000000001 9500.0000000000018 159500.00000000003 238500.00000000003 -179499.99999999997 306000.00000000006 315500.00000000006 37500.000000000007 701500.00000000012 72500.000000000015 294000.00000000006 154500.00000000003 128500.00000000001 720000.00000000012 127500.00000000001 679082.50000000012
decision_type=10 10 8 10 10 8 10 10 10 10 8 8 10 10 8 10 10 10 10 8 10 10 2 10 10 10 10 10 10 2
left_child=2 5 4 7 8 10 9 -3 13 21 15 -8 -7 -1 -13 23 24 -14 -10 20 -9 22 25 -2 -16 26 -4 -5 -12 -30
right_child=1 3 6 27 -6 12 11 19 18 -11 28 14 17 -15 16 -17 -18 -19 -20 -21 -22 -23 -24 -25 -26 -27 -28 -29 29 -31
leaf_value=-709.3050337670287 -264.57296370621566 1645.1981275453488 -337.67216421049807 12671.836088867189 11838.258054428101 736.80478657403864 -424.40054596088549 2995.2017779825792 4290.8035435267857 118.15773010574524 300.28625365968264 5543.0899521771607 1421.9473869815949 -6191.1694140625004 1805.5840183803016 -26.899273806927251 -2792.0237258184525 5726.9590050330535 -372.99693121915971 4842.055096135623 -1867.7925793457032 -44.216013990340969 2252.862486214638 -2893.3719794038057 6381.4288171386725 -3881.1129490443636 4217.5424776349746 7500.4254755434786 569.55099245467272 4910.4404815673834
leaf_weight=8816 91 1517 9233 30 20 9677 108 359 21 20182 6107 51 1178 20 196 357 21 26 22844 138 20 18000 80 154 20 28 28 23 53 32
leaf_count=8816 91 1517 9233 30 20 9677 108 359 21 20182 6107 51 1178 20 196 357 21 26 22844 138 20 18000 80 154 20 28 28 23 53 32
internal_value=0 771.707 -191.425 2278.18 -459.346 593.829 -14.173 2065.83 -467.105 -28.1657 226.952 1666.04 822.904 -721.713 2449.96 -796.11 1784.35 1514.91 -368.714 3300.05 2738.58 -136.065 -312.528 -1916.96 2229.27 -334.622 -323.9 10427.6 326.416 2203.77
internal_weight=0 19762 79668 2087 31721 17675 47947 2034 31701 47551 6794 396 10881 8836 288 602 237 1204 22865 517 379 27369 9369 245 216 9289 9261 53 6192 85
internal_count=99430 19762 79668 2087 31721 17675 47947 2034 31701 47551 6794 396 10881 8836 288 602 237 1204 22865 517 379 27369 9369 245 216 9289 9261 53 6192 85
is_linear=0
shrinkage=0.1


Tree=20
num_leaves=31
num_cat=0
split_feature=39 39 39 20 4 16 13 13 13 26 4 23 19 16 33 26 15 41 15 11 28 8 33 11 7 13 20 33 22 15
split_gain=1.33328e+12 4.58135e+11 4.40634e+11 1.91877e+11 1.87278e+11 1.42295e+11 1.4057e+11 1.06555e+11 9.6656e+10 7.8788e+10 1.40644e+11 7.64841e+10 7.13438e+10 6.71242e+10 6.82053e+10 5.97859e+10 5.58245e+10 5.257e+10 5.13795e+10 5.12734e+10 5.54225e+10 5.59749e+10 4.86691e+10 4.64801e+10 4.60665e+10 7.37843e+10 3.7263e+10 3.50691e+10 3.3418e+10 3.27818e+10
threshold=93934.065934065948 45978.021978021985 252285.71428571432 156500.00000000003 55.937786545000009 967000.00000000012 141500.00000000003 68500.000000000015 29500.000000000004 245500.00000000003 55.543903175000004 641500.00000000012 178500.00000000003 198500.00000000003 123500.00000000001 227500.00000000003 68500.000000000015 58500.000000000007 141500.00000000003 3500.0000000000005 133500.00000000003 288500.00000000006 6500.0000000000009 75500.000000000015 157500.00000000003 132500.00000000003 355500.00000000006 73500.000000000015 511000.00000000006 6500.0000000000009
decision_type=2 2 2 8 2 8 8 10 10 10 2 10 10 10 10 10 10 8 10 8 8 8 8 10 10 10 10 10 10 10
left_child=1 8 6 -4 9 11 13 -3 18 10 -5 28 19 14 17 -16 -14 -2 22 20 -8 -22 -1 -15 27 -26 -11 -9 -6 -29
right_child=2 7 3 4 5 -7 12 24 -10 26 -12 -13 16 23 15 -17 -18 -19 -20 -21 21 -23 -24 -25 25 -27 -28 29 -30 -31
leaf_value=-960.60561267251364 4873.4902025495257 -11.190281063021587 14249.473409729004 -6785.3457829793297 4923.8911179562838 13806.96598828125 -405.15237704190343 190.62192463844221 -205.39246356010713 2676.5727744450646 2469.3156639099125 9542.4057519531252 6944.4988728841145 -4735.1218356224799 1269.6872526913287 6308.3332112630214 2055.9209162319726 529.20067112347306 4121.7462239583338 1107.3136864459564 8978.3126640625014 2351.190643780048 -460.21055099620065 -506.58219286995649 543.6394736162822 5579.2536802779796 7307.0139811197923 1915.8279460275098 43.40038391113282 473.03956856683521
leaf_weight=2147 28 30077 20 24 47 25 22 9506 21101 63 52 30 24 31 1253 24 875 5372 24 2956 25 26 20526 161 90 43 24 163 20 4651
leaf_count=2147 28 30077 20 24 47 25 22 9506 21101 63 52 30 24 31 1253 24 875 5372 24 2956 25 26 20526 161 90 43 24 163 20 4651
internal_value=0 -129.824 1032.88 4781.23 4116.79 7079.81 926.997 96.041 -359.463 1899.07 -453.209 5346.01 1404.15 654.141 707.15 1364.38 2186.43 551.727 -502.7 1171.97 3790.07 5599.78 -507.595 -1189.32 319.191 2171.7 3953.94 301.986 3467.03 521.892
internal_weight=0 88328 11102 305 285 122 10797 44530 43798 163 76 97 3928 6869 6677 1277 899 5400 22697 3029 73 51 22673 192 14453 133 87 14320 67 4814
internal_count=99430 88328 11102 305 285 122 10797 44530 43798 163 76 97 3928 6869 6677 1277 899 5400 22697 3029 73 51 22673 192 14453 133 87 14320 67 4814
is_linear=0
shrinkage=0.1


Tree=21
num_leaves=31
num_cat=0
split_feature=12 42 13 23 12 13 12 33 33 12 12 28 30 17 30 20 13 33 28 42 23 12 17 13 34 33 13 22 2 17
split_gain=9.92611e+11 3.29744e+11 2.71534e+11 2.48617e+11 2.4054e+11 1.00142e+11 7.26783e+10 7.03686e+10 6.91398e+10 6.07209e+10 5.01816e+10 4.72689e+10 4.41189e+10 4.2489e+10 4.54473e+10 4.0721e+10 3.67837e+10 5.60742e+10 3.63193e+10 3.48438e+10 3.46171e+10 3.31062e+10 3.30672e+10 3.28398e+10 3.14594e+10 3.25309e+10 2.97e+10 2.99463e+10 2.96219e+10 2.79318e+10
threshold=80500.000000000015 155833.33333333334 40500.000000000007 230500.00000000003 590500.00000000012 45500.000000000007 215500.00000000003 61500.000000000007 119500.00000000001 14500.000000000002 245500.00000000003 60500.000000000007 188500.00000000003 1.0000000180025095e-35 55500.000000000007 258500.00000000003 93500.000000000015 163500.00000000003 118500.00000000001 96166.666666666672 813000.00000000012 48500.000000000007 202500.00000000003 101500.00000000001 85500.000000000015 174500.00000000003 179500.00000000003 95500.000000000015 711500.00000000012 194500.00000000003
decision_type=10 10 8 10 10 8 10 10 10 10 10 10 10 8 10 10 8 8 8 10 8 8 10 10 8 8 10 8 2 10
left_child=2 5 3 9 6 13 24 12 10 11 22 -1 15 14 18 21 -8 -18 -2 -11 -6 -4 -7 -24 -3 -26 28 -28 -23 -15
right_child=1 4 7 -5 20 8 16 -9 -10 19 -12 -13 -14 29 -16 -17 17 -19 -20 -21 -22 26 23 -25 25 -27 27 -29 -30 -31
leaf_value=-555.06179670858353 902.93158566913905 4723.2217976888023 -178.81791553808978 10771.461674804688 11323.933121744793 490.90362329518121 -746.26947989628241 242.27644835088842 1137.1077023097359 -300.76748301019728 4471.1569374084474 -1692.3011956499508 -3420.5469140077253 3.5391802387557725 -2486.9827575683594 4346.8585303442824 7852.9709727894187 2686.5819461323163 -1554.8480440355386 2770.4572407902901 6189.66309183055 -7.9962813112940481 -564.26728726900535 3659.8755127921941 607.84300757043161 1605.3367283148093 5468.9312993431095 -3.3875708007812499 838.72951199304498 3315.0776515080379
leaf_weight=8455 126 27 14489 20 24 11550 29 9612 2122 22968 32 382 39 1251 150 21 22 466 115 37 29 25404 26 63 486 999 20 20 420 26
leaf_count=8455 126 27 14489 20 24 11550 29 9612 2122 22968 32 382 39 1251 150 21 22 466 115 37 29 25404 26 63 486 999 20 20 420 26
internal_value=0 682.632 -146.243 -374.415 1864.08 523.536 1690.36 -0.915724 612.039 -381.415 516.572 -604.222 -58.7576 -208.313 -1120.42 -55.5102 2713.87 2919.49 -269.868 -295.828 8514.62 -57.8012 505.7 2425.86 1340.39 1278.88 9.99226 2732.77 5.77482 70.9628
internal_weight=0 17543 81887 31862 2082 15461 2029 50025 13793 31842 11671 8837 40413 1668 391 40374 517 488 241 23005 53 40353 11639 89 1512 1485 25864 40 25824 1277
internal_count=99430 17543 81887 31862 2082 15461 2029 50025 13793 31842 11671 8837 40413 1668 391 40374 517 488 241 23005 53 40353 11639 89 1512 1485 25864 40 25824 1277
is_linear=0
shrinkage=0.1


Tree=22
num_leaves=31
num_cat=0
split_feature=39 39 18 6 39 13 4 11 23 14 9 39 16 42 13 33 19 14 42 27 19 19 41 19 16 8 9 38 27 8
split_gain=9.0175e+11 3.85767e+11 1.9015e+11 3.62623e+11 1.85872e+11 1.77973e+11 1.25045e+11 9.51929e+10 9.45156e+10 9.25196e+10 9.1347e+10 5.89392e+10 5.08388e+10 4.85266e+10 4.69223e+10 4.21793e+10 6.78522e+10 5.8433e+10 4.34085e+10 6.29568e+10 4.08631e+10 3.66301e+10 3.61774e+10 3.58445e+10 3.24067e+10 4.32016e+10 3.12341e+10 3.1068e+10 2.77061e+10 5.89886e+10
threshold=67950.549450549457 200807.69230769234 532500.00000000012 4.5000000000000009 34230.769230769241 103500.00000000001 55.937786545000009 49500.000000000007 641500.00000000012 672500.00000000012 155500.00000000003 73109.890109890126 160500.00000000003 5166.666666666667 56500.000000000007 76500.000000000015 19500.000000000004 118500.00000000001 127500.00000000001 10500.000000000002 122500.00000000001 16500.000000000004 87357.142857142884 236500.00000000003 164500.00000000003 -140499.99999999997 72500.000000000015 101500.00000000001 68500.000000000015 -25499.999999999996
decision_type=2 2 10 2 2 8 2 8 10 8 10 2 10 8 10 10 8 10 10 10 10 10 10 10 8 8 10 10 8 10
left_child=4 5 6 8 21 12 7 -3 -4 -8 13 -12 15 -7 22 16 17 -2 -17 -20 -15 -1 27 -13 -9 -26 -14 -6 29 -22
right_child=1 2 3 -5 14 10 9 24 -10 -11 11 23 26 20 -16 18 -18 -19 19 -21 28 -23 -24 -25 25 -27 -28 -29 -30 -31
leaf_value=-510.52820958670384 -517.43297331554129 -4320.9414052327475 -2142.3126562500001 18936.856073288691 -121.53407683435535 5550.8607421875004 3998.8783275310811 5978.1504371279771 7463.1685081845244 11863.30279715402 6791.804584960938 1271.3971814186471 -2667.7203261198824 479.95834211412034 85.975399495758268 430.32339564163294 177.28212770870743 -3748.3914284446023 7057.1688609730118 1310.9282693502787 7382.6474423363097 -269.39673159805847 3602.3161846454332 4190.8505266056509 -1412.2438769531252 2253.4095011361037 -438.01918347835544 -1303.1205488341195 925.3888024842189 986.28993105681047
leaf_weight=13214 205 24 20 21 33832 20 52 21 21 21 20 1914 81 5775 14962 5357 8419 77 22 143 21 12040 26 43 35 395 280 224 2099 46
leaf_count=13214 205 24 20 21 33832 20 52 21 21 21 20 1914 81 5775 14962 5357 8419 77 22 143 21 12040 26 43 35 395 280 224 2099 46
internal_value=0 517.797 3001.86 8250.88 -175.15 456.004 2407.99 1815.8 2777.57 6261.25 782.358 1390.74 233.617 631.274 -61.6511 263.362 126.174 -1399.65 479.53 2077.09 618.884 -395.567 -126.459 1335.54 2142.37 1955.04 -938.312 -129.306 989.287 2991.12
internal_weight=0 25132 610 62 74298 24522 548 475 41 73 9938 1977 14584 7961 49044 14223 8701 282 5522 165 7941 25254 34082 1957 451 430 361 34056 2166 67
internal_count=99430 25132 610 62 74298 24522 548 475 41 73 9938 1977 14584 7961 49044 14223 8701 282 5522 165 7941 25254 34082 1957 451 430 361 34056 2166 67
is_linear=0
shrinkage=0.1


Tree=23
num_leaves=31
num_cat=0
split_feature=39 21 9 28 24 12 19 10 13 40 5 22 13 1 29 41 35 1 9 16 42 12 35 13 23 20 41 30 28 24
split_gain=7.31268e+11 2.72577e+11 2.649e+11 2.48217e+11 2.21341e+11 1.156e+11 8.59375e+10 8.15432e+10 6.28332e+10 9.17125e+10 6.18395e+10 6.01683e+10 7.22314e+10 4.94206e+10 1.07829e+11 9.13326e+10 5.33806e+10 4.91128e+10 5.86806e+10 8.14618e+10 4.41881e+10 4.20018e+10 3.82052e+10 3.26131e+10 3.02329e+10 3.22456e+10 2.99639e+10 2.96045e+10 6.28071e+10 2.95602e+10
threshold=93934.065934065948 448500.00000000006 42500.000000000007 745000.00000000012 813000.00000000012 136500.00000000003 68500.000000000015 497500.00000000006 20500.000000000004 44716.666666666679 22.500000000000004 184500.00000000003 41500.000000000007 40500.000000000007 46500.000000000007 64928.571428571435 125500.00000000001 217500.00000000003 1.0000000180025095e-35 135500.00000000003 152166.66666666672 38500.000000000007 477500.00000000006 60500.000000000007 170500.00000000003 59500.000000000007 173357.14285714287 47500.000000000007 149500.00000000003 43500.000000000007
decision_type=2 10 10 8 8 8 10 10 8 10 2 10 10 2 8 10 10 2 8 8 10 10 8 8 10 10 10 8 10 10
left_child=2 5 8 10 -5 11 20 17 9 29 22 13 -13 14 -2 -16 -17 18 19 -7 23 -10 -3 -4 25 -14 -15 28 -20 -1
right_child=1 3 6 4 -6 7 -8 -9 21 -11 -12 12 24 26 15 16 -18 -19 27 -21 -22 -23 -24 -25 -26 -27 -28 -29 -30 -31
leaf_value=-393.2380763101819 8488.0425675101906 2726.9978521173653 -96.429984370373859 19313.770483398439 4929.5533075747289 1871.1500926050646 286.6212068924998 6309.0093908691415 -291.36487301135952 -2272.2918812295666 5801.3064507378476 -6895.3762277221686 -3391.1511129628061 441.25567137068947 6160.2347025225245 -625.54395710778624 4520.1785980224613 1996.2809393282289 5801.6951604894693 -5295.7918254743308 4567.8286583310082 -25.255734833831941 -3101.9792798913045 97.216805396946043 -2823.018463654214 661.7775064041366 3609.3160660807293 968.77995214190366 -611.68539123535163 -1063.9392082587592
leaf_weight=12059 23 22 22221 20 23 29 12406 30 17347 276 27 20 23 6159 31 126 24 513 37 35 21 9013 23 14290 47 134 30 3700 26 695
leaf_count=12059 23 22 22221 20 23 29 12406 30 17347 276 27 20 23 6159 31 126 24 513 37 35 21 9013 23 14290 47 134 30 3700 26 695
internal_value=0 764.941 -96.146 5608.16 11619.9 714.248 59.222 1113.39 -289.175 -468.814 2017.83 450.646 -1160.3 507.091 2038.52 1218.97 197.772 1077.48 954.313 -2048.27 -18.0012 -200.377 -252.257 -20.6388 -598.04 68.0364 456.612 1005.38 3154.9 -429.786
internal_weight=0 11102 88328 115 43 10987 48938 4370 39390 13030 72 6617 224 6393 204 181 150 4340 3827 64 36532 26360 45 36511 204 157 6189 3763 63 12754
internal_count=99430 11102 88328 115 43 10987 48938 4370 39390 13030 72 6617 224 6393 204 181 150 4340 3827 64 36532 26360 45 36511 204 157 6189 3763 63 12754
is_linear=0
shrinkage=0.1


Tree=24
num_leaves=31
num_cat=0
split_feature=39 39 20 12 33 33 2 8 10 22 12 6 17 6 8 12 7 7 33 16 41 17 14 33 14 5 7 17 27 1
split_gain=6.00734e+11 2.6335e+11 1.81199e+11 1.30199e+11 1.20667e+11 6.90204e+10 5.39978e+10 7.21569e+10 5.27415e+10 5.59488e+10 5.873e+10 4.9006e+10 4.89817e+10 4.861e+10 4.21328e+10 4.1014e+10 4.06732e+10 3.77254e+10 3.75127e+10 5.41593e+10 4.6567e+10 3.24978e+10 3.20485e+10 3.03392e+10 3.01027e+10 2.74235e+10 3.05301e+10 3.68356e+10 3.58867e+10 5.20732e+10
threshold=67950.549450549457 158895.60439560443 1.0000000180025095e-35 35500.000000000007 788000.00000000012 102500.00000000001 724000.00000000012 -422499.99999999994 289500.00000000006 81500.000000000015 61500.000000000007 2.5000000000000004 37500.000000000007 3.5000000000000004 -135499.99999999997 90500.000000000015 -60499.999999999993 -48499.999999999993 10500.000000000002 70500.000000000015 81642.857142857145 202500.00000000003 288000.00000000006 57500.000000000007 16500.000000000004 30.500000000000004 23500.000000000004 177500.00000000003 185500.00000000003 40500.000000000007
decision_type=2 2 8 10 10 10 2 10 10 8 8 2 8 2 10 8 10 10 8 10 10 10 10 10 10 2 10 10 10 2
left_child=3 5 -3 18 6 12 8 -8 9 -4 -11 23 17 -10 -9 -14 -16 24 19 -1 -20 -17 25 -5 -2 26 28 -28 -7 -30
right_child=1 2 4 11 -6 22 7 14 13 10 -12 -13 15 -15 16 21 -18 -19 20 -21 -22 -23 -24 -25 -26 -27 27 -29 29 -31
leaf_value=-518.12974643776977 576.64034386837125 9560.4661577497227 6322.0360002790185 24.403705192976584 9177.9373632812494 566.63524053690753 6793.1852287946431 -2114.7347592561141 -5969.4742663574216 -3782.2845886230471 1208.2613150120135 -125.20075500551667 145.00729315246781 1002.6123663330078 5477.0897481282555 424.76176743309065 1883.7449842074564 -206.17996363821396 -257.97652290165587 -2675.5916894022625 4569.0408651733405 2195.7924651373 4676.2565557861335 329.91590309994501 -2878.1195835006574 2032.0247592778273 1007.8180008609691 3742.7987649017909 -5748.1194970703127 -283.18675971171433
leaf_weight=3831 33 28 21 14880 20 3468 35 23 20 24 1351 23265 10198 20 36 7826 252 499 28023 120 20 105 20 4159 107 142 695 53 20 136
leaf_count=3831 33 28 21 14880 20 3468 35 23 20 24 1351 23265 10198 20 36 7826 252 499 28023 120 20 105 20 4159 107 142 695 53 20 136
internal_value=0 422.627 1577.74 -142.958 1453.7 331.912 1367.01 2488.44 1096.8 1199.39 1121.15 -27.8354 247.321 -2483.43 2003.99 277.651 2332.91 -613.167 -295.178 -583.656 -254.534 448.209 682.067 91.1417 -2063.78 664.37 619.949 1201.61 499.894 -983.819
internal_weight=0 25132 1830 74298 1802 23302 1782 346 1436 1396 1375 42304 18768 40 311 18129 288 639 31994 3951 28043 7931 4534 19039 140 4514 4372 748 3624 156
internal_count=99430 25132 1830 74298 1802 23302 1782 346 1436 1396 1375 42304 18768 40 311 18129 288 639 31994 3951 28043 7931 4534 19039 140 4514 4372 748 3624 156
is_linear=0
shrinkage=0.1


Tree=25
num_leaves=31
num_cat=0
split_feature=39 39 20 9 13 13 7 9 19 39 8 1 34 1 11 14 29 19 39 14 29 36 19 20 11 24 8 11 1 19
split_gain=4.86823e+11 2.15973e+11 1.96336e+11 1.1252e+11 1.09155e+11 9.8512e+10 8.67123e+10 6.00617e+10 5.09535e+10 4.87255e+10 4.56561e+10 6.68826e+10 6.83044e+10 5.60303e+10 4.41249e+10 6.8853e+10 4.00936e+10 3.91919e+10 3.50754e+10 4.24061e+10 4.90892e+10 3.50124e+10 3.4854e+10 3.46652e+10 3.42498e+10 3.35223e+10 3.3367e+10 2.72964e+10 9.44607e+10 2.69177e+10
threshold=68945.054945054959 200807.69230769234 1.0000000180025095e-35 38500.000000000007 97500.000000000015 157500.00000000003 -166499.99999999997 155500.00000000003 17500.000000000004 73109.890109890126 -422499.99999999994 546500.00000000012 497500.00000000006 342000.00000000006 225500.00000000003 66500.000000000015 199500.00000000003 23500.000000000004 125153.84615384617 119500.00000000001 157500.00000000003 123500.00000000001 122500.00000000001 147500.00000000003 225500.00000000003 55500.000000000007 -140499.99999999997 8500.0000000000018 99500.000000000015 236500.00000000003
decision_type=2 2 8 10 8 8 8 10 8 2 10 2 10 2 10 8 10 10 2 10 10 8 10 10 10 10 10 10 2 10
left_child=3 4 -3 17 8 -4 -7 22 18 -9 13 12 26 -8 16 -16 -10 23 19 20 -2 -18 -6 25 -5 -1 -12 28 -24 -11
right_child=1 2 5 24 7 6 10 9 14 29 11 -13 -14 -15 15 -17 21 -19 -20 -21 -22 -23 27 -25 -26 -27 -28 -29 -30 -31
leaf_value=-343.70469105588904 -484.74707752820859 11520.936327292702 -4826.7510753813249 -19.341658602356315 347.01970339928431 7380.1469233194994 1684.3053542564658 5972.4281005859375 173.69491846002748 955.20964323839951 -1291.8175952808278 -2867.3912658691406 7172.500549183721 8216.2842203776054 6759.466116567758 115.93465670072115 -124.40050157116305 -138.78959130945898 -4725.2932404891308 -2542.744649733711 4518.6745933896018 -5002.7967688424251 7972.2312404466711 3802.4851538085941 4119.8728247070312 -1286.5045414575354 1849.728274940958 736.08930387781697 32.616708515965662 3402.7013655952783
leaf_weight=18456 296 22 21 41906 6993 30 29 20 11917 1943 37 32 23 24 26 39 31 14243 23 97 21 28 23 20 20 385 392 2244 43 46
leaf_count=18456 296 22 21 41906 6993 30 29 20 11917 1943 37 32 23 24 26 39 31 14243 23 97 21 28 23 20 20 385 392 2244 43 46
internal_value=0 388.016 2245.98 -126.184 340.376 1898.95 2148.06 565.347 136.427 1061.2 1855.76 1550.63 1863.42 4642.18 174.924 2773.35 160.821 -264 -924.304 -713.138 -153.29 -2439.57 458.267 -358.553 -17.3671 -362.97 1578.78 795.043 2799.45 1011.81
internal_weight=0 24400 610 75030 23790 588 567 11312 12478 2009 537 484 452 53 12041 65 11976 33104 437 414 317 59 9303 18861 41926 18841 429 2310 66 1989
internal_count=99430 24400 610 75030 23790 588 567 11312 12478 2009 537 484 452 53 12041 65 11976 33104 437 414 317 59 9303 18861 41926 18841 429 2310 66 1989
is_linear=0
shrinkage=0.1


Tree=26
num_leaves=31
num_cat=0
split_feature=39 18 29 13 12 12 33 42 18 14 37 39 33 25 11 13 7 33 7 11 4 17 11 37 7 26 41 15 41 0
split_gain=3.9772e+11 1.93411e+11 1.60952e+11 1.22299e+11 9.39911e+10 8.90735e+10 3.8058e+10 4.1095e+10 3.49787e+10 4.00978e+10 4.35019e+10 3.44013e+10 3.32246e+10 5.26898e+10 3.23985e+10 3.17841e+10 2.8843e+10 2.86066e+10 2.85588e+10 5.55813e+10 4.68675e+10 3.02842e+10 2.65698e+10 2.51366e+10 2.50091e+10 2.40343e+10 5.15823e+10 3.19349e+10 2.74265e+10 2.69355e+10
threshold=65763.736263736282 403000.00000000006 990500.00000000012 97500.000000000015 210500.00000000003 39500.000000000007 172500.00000000003 3500.0000000000005 582500.00000000012 474500.00000000006 288000.00000000006 8675.8241758241784 25500.000000000004 1.0000000180025095e-35 82500.000000000015 130500.00000000001 60500.000000000007 64500.000000000007 51500.000000000007 135500.00000000003 55.418951710000009 100500.00000000001 36500.000000000007 246500.00000000003 -25499.999999999996 79500.000000000015 11500.000000000002 255500.00000000003 1.0000000180025095e-35 699098.50000000012
decision_type=2 10 8 8 10 10 10 8 10 10 10 2 8 10 10 10 10 10 10 10 2 10 10 10 10 10 10 10 8 2
left_child=5 3 8 12 6 11 7 -5 9 10 -3 -1 13 24 -6 -16 22 -7 21 20 -20 -13 -15 -8 -2 27 -27 28 -14 -28
right_child=1 2 -4 4 14 17 23 -9 -10 -11 -12 18 25 16 15 -17 -18 -19 19 -21 -22 -23 -24 -25 -26 26 29 -29 -30 -31
leaf_value=-618.6399205303062 -4899.6241746521 4757.1598986816407 10032.0111766142 4484.5661279296874 -2038.9955264136906 -43.554869060083512 1084.2929472473847 425.49918727830482 -361.45456345016896 6446.8983633535881 -1838.4346044921876 -219.61231233230649 3360.4475654296875 3409.4613048206675 4878.3900685337612 1761.0004378997253 -3408.4598736102766 242.20895780244078 2211.1652386415353 4873.8202477088344 -40.85072706559874 -1629.8184212877859 -214.28658313486312 4595.8414784749357 -1210.7373536053826 -4223.0355703125006 348.00104032391346 -3456.8458172137925 43.811146537201239 -2475.6714513442098
leaf_weight=2193 40 20 34 25 21 32316 696 10810 37 27 20 32483 25 22 35 499 26 3929 103 26 899 153 252 21 34 25 5289 26 9310 34
leaf_count=2193 40 20 34 25 21 32316 696 10810 37 27 20 32483 25 22 35 499 26 3929 103 26 899 153 252 21 34 25 5289 26 9310 34
internal_value=0 324.862 4059.1 305.91 542.629 -123.129 481.557 434.865 2106.41 3469.27 1459.36 -234.876 115.897 -814.872 1813.81 1965.32 -225.373 -12.5777 -209.877 309.09 190.644 -226.223 76.6713 1187.14 -3204.73 139.564 308.682 42.9457 52.6934 329.965
internal_weight=0 27328 138 27190 12107 72102 11552 10835 104 67 40 35857 15083 374 555 534 300 36245 33664 1028 1002 32636 274 717 74 14709 5348 9361 9335 5323
internal_count=99430 27328 138 27190 12107 72102 11552 10835 104 67 40 35857 15083 374 555 534 300 36245 33664 1028 1002 32636 274 717 74 14709 5348 9361 9335 5323
is_linear=0
shrinkage=0.1


Tree=27
num_leaves=31
num_cat=0
split_feature=39 21 1 13 28 11 13 7 2 15 22 39 11 1 39 22 13 25 15 37 15 13 21 16 28 1 14 39 32 28
split_gain=3.22153e+11 1.67285e+11 2.37256e+11 1.0035e+11 8.6632e+10 8.49997e+10 7.61401e+10 4.97659e+10 4.27861e+10 3.45094e+10 7.43896e+10 3.44713e+10 5.36476e+10 7.51754e+10 1.13494e+11 3.39316e+10 5.18145e+10 3.2344e+10 3.06235e+10 2.93278e+10 4.0252e+10 2.97729e+10 4.0755e+10 2.90804e+10 4.1309e+10 3.19048e+10 2.72983e+10 6.04439e+10 3.06004e+10 3.21137e+10
threshold=65763.736263736282 448500.00000000006 396000.00000000006 115500.00000000001 745000.00000000012 508000.00000000006 41500.000000000007 -16499.999999999996 813500.00000000012 135500.00000000003 1.0000000180025095e-35 145791.20879120883 8500.0000000000018 72500.000000000015 86967.032967032981 198500.00000000003 48500.000000000007 16500.000000000004 59500.000000000007 130500.00000000001 114500.00000000001 179500.00000000003 240500.00000000003 21500.000000000004 108500.00000000001 61500.000000000007 35500.000000000007 145791.20879120883 46500.000000000007 157500.00000000003
decision_type=2 10 2 8 10 10 10 10 2 10 8 2 8 2 2 10 10 8 8 8 10 8 10 8 8 2 10 2 8 10
left_child=6 3 -3 15 7 11 9 -4 -9 17 -11 12 13 14 -5 26 -17 -1 -15 20 -13 22 -21 -23 -25 -26 27 28 -2 -30
right_child=1 2 4 5 -6 -7 -8 8 -10 10 -12 19 -14 18 -16 16 -18 -19 -20 21 -22 23 -24 24 25 -27 -28 -29 29 -31
leaf_value=-387.92805734574836 2958.9171132812498 13990.14660888672 3764.0718808593756 1766.8101740519207 6946.6750403771039 6383.5997695312508 1.7090157226080702 -4558.5589921874998 1646.8793994140626 6511.314543151856 -600.07614565397569 6327.5196847098223 359.98409131380856 3086.4724021218044 11162.19744140625 -3895.9566103128291 -59.558269843705204 -162.49091470972166 -27.067903229168486 473.39048239135354 1553.2211235183854 -2589.0665480840776 -3697.2927296956386 5671.5498159790041 -2375.7617865929237 1164.8092723618299 134.02402138638783 5301.2786324637282 523.11267640491917 -3276.5653898819637
leaf_weight=7991 50 20 25 36 26 25 32788 25 20 24 38 21 5844 44 20 52 109 31261 112 986 111 21 24 20 26 1206 17778 28 676 23
leaf_count=7991 50 20 25 36 26 25 32788 25 20 24 38 21 5844 44 20 52 109 31261 112 986 111 21 24 20 26 1206 17778 28 676 23
internal_value=0 292.376 4081.83 276.222 2017.59 561.243 -110.816 186.792 -1800.59 -204.662 2152.72 544.06 416.673 1979.35 5122.31 146.839 -1298.64 -208.386 851.11 863.505 2312.77 779.71 374.285 1101.38 1163.28 1090.09 159.382 739.569 569.037 398.088
internal_weight=0 27328 116 27212 96 8496 72102 70 45 39314 62 8471 6056 212 56 18716 161 39252 156 2415 132 2283 1010 1273 1252 1232 18555 777 749 699
internal_count=99430 27328 116 27212 96 8496 72102 70 45 39314 62 8471 6056 212 56 18716 161 39252 156 2415 132 2283 1010 1273 1252 1232 18555 777 749 699
is_linear=0
shrinkage=0.1


Tree=28
num_leaves=31
num_cat=0
split_feature=39 41 13 33 19 33 42 42 41 22 13 40 6 6 22 6 27 22 9 16 32 32 25 17 9 9 14 16 36 9
split_gain=2.67101e+11 1.59024e+11 1.29702e+11 1.08823e+11 6.52142e+10 5.42481e+10 6.78629e+10 5.8938e+10 3.8601e+10 3.36685e+10 5.2996e+10 5.51684e+10 3.44897e+10 3.34322e+10 3.10698e+10 3.10192e+10 5.25895e+10 6.59316e+10 5.68663e+10 5.47052e+10 4.54445e+10 4.47179e+10 4.24937e+10 3.87576e+10 3.47769e+10 3.22098e+10 3.01203e+10 2.94901e+10 2.88724e+10 2.69668e+10
threshold=99912.087912087925 49357.142857142862 55500.000000000007 788000.00000000012 138500.00000000003 10500.000000000002 85833.333333333358 155833.33333333334 73642.857142857145 1.0000000180025095e-35 154500.00000000003 67050.000000000015 2.5000000000000004 2.5000000000000004 266500.00000000006 2.5000000000000004 55500.000000000007 111500.00000000001 1.0000000180025095e-35 175500.00000000003 525500.00000000012 245500.00000000003 92500.000000000015 94500.000000000015 484500.00000000006 59500.000000000007 2500.0000000000005 92500.000000000015 29500.000000000004 40500.000000000007
decision_type=2 8 10 10 8 8 10 10 10 8 10 10 2 2 10 2 8 10 8 8 10 10 8 10 10 8 8 10 8 8
left_child=2 -2 5 4 8 6 27 13 -3 10 28 -12 -11 -7 -10 21 17 -17 19 -18 24 22 23 -6 25 -20 -24 -1 -4 -15
right_child=1 3 9 -5 15 7 -8 -9 14 12 11 -13 -14 29 -16 16 18 -19 20 -21 -22 -23 26 -25 -26 -27 -28 -29 -30 -31
leaf_value=-376.51841154987341 8640.5668594360359 -3884.8824224057407 1287.197819796703 7514.7510919744327 -5291.5648901367194 -14.431362622172447 -3720.5762464735244 4845.2217569986979 248.19738026302639 217.73712394721883 974.75242651367194 6242.7096809156019 -2.7664384323751054 -264.72334434557911 -2452.8121328664379 8163.1733752441405 171.49421189831151 965.71594316755022 4332.6020646528768 -6048.4152406545791 -4107.5166062127973 3049.8344405110679 -2578.8669614045521 122.91873434995995 3788.8252589370263 490.19956438409167 1063.9576672747844 -1970.9559232375204 152.51113959633898 -85.908185752663726
leaf_weight=4603 24 23 305 22 20 21655 63 24 4444 12798 50 33 15914 16556 43 20 31 35 22 26 21 105 23 39 33 2614 1727 119 847 17191
leaf_count=4603 24 23 305 22 20 21655 63 24 4444 12798 50 33 15914 16556 43 20 31 35 22 26 21 105 23 39 33 2614 1727 119 847 17191
internal_value=0 511.086 -52.561 489.989 473.238 -137.149 -460.199 -109.26 201.367 117.511 628.761 3069.24 95.5202 -111.406 222.313 733.234 521.268 3582.97 459.967 -2665.66 526.198 1043.54 927.089 -1712.5 562.656 522.268 1016.08 -416.7 452.927 -173.633
internal_weight=0 9272 90158 9248 9226 60211 4785 55426 4510 29947 1235 83 28712 55402 4487 4716 2802 55 2747 57 2690 1914 1809 59 2669 2636 1750 4722 1152 33747
internal_count=99430 9272 90158 9248 9226 60211 4785 55426 4510 29947 1235 83 28712 55402 4487 4716 2802 55 2747 57 2690 1914 1809 59 2669 2636 1750 4722 1152 33747
is_linear=0
shrinkage=0.1


end of trees

feature_importances:
mean_income_all=158
income_4_day_before=85
income_5_day_before=63
income_11_day_before=49
income_1_day_before=43
income_3_day_before=33
mean_income_last_3_days=33
income_18_day_before=30
income_25_day_before=28
mean_income_last_7_days=28
money_in=19
yesterday_growth_of_income_growth=19
income_8_day_before=18
income_12_day_before=18
income_9_day_before=16
income_17_day_before=16
income_6_day_before=15
latitude=14
yesterday_income_growth=14
income_21_day_before=14
income_7_day_before=13
income_10_day_before=11
income_14_day_before=11
income_15_day_before=11
money=10
weekday=10
income_20_day_before=10
income_2_day_before=8
income_13_day_before=8
income_16_day_before=8
mean_income_last_30_days=8
TID=6
income_27_day_before=6
income_19_day_before=5
income_24_day_before=5
day=4
income_22_day_before=4
income_28_day_before=4
income_29_day_before=4
income_30_day_before=4
income_26_day_before=3
longitude=2
income_23_day_before=2

parameters:
[boosting: gbdt]
[objective: regression]
[metric: l2]
[tree_learner: serial]
[device_type: cpu]
[data: ]
[valid: ]
[num_iterations: 29]
[learning_rate: 0.1]
[num_leaves: 31]
[num_threads: -1]
[deterministic: 0]
[force_col_wise: 0]
[force_row_wise: 0]
[histogram_pool_size: -1]
[max_depth: -1]
[min_data_in_leaf: 20]
[min_sum_hessian_in_leaf: 0.001]
[bagging_fraction: 0.7]
[pos_bagging_fraction: 1]
[neg_bagging_fraction: 1]
[bagging_freq: 0]
[bagging_seed: 3014]
[feature_fraction: 0.7]
[feature_fraction_bynode: 1]
[feature_fraction_seed: 29554]
[extra_trees: 0]
[extra_seed: 19515]
[early_stopping_round: 0]
[first_metric_only: 0]
[max_delta_step: 0]
[lambda_l1: 0]
[lambda_l2: 0]
[linear_lambda: 0]
[min_gain_to_split: 0]
[drop_rate: 0.1]
[max_drop: 50]
[skip_drop: 0.5]
[xgboost_dart_mode: 0]
[uniform_drop: 0]
[drop_seed: 12050]
[top_rate: 0.2]
[other_rate: 0.1]
[min_data_per_group: 100]
[max_cat_threshold: 32]
[cat_l2: 10]
[cat_smooth: 10]
[max_cat_to_onehot: 4]
[top_k: 20]
[monotone_constraints: ]
[monotone_constraints_method: basic]
[monotone_penalty: 0]
[feature_contri: ]
[forcedsplits_filename: ]
[refit_decay_rate: 0.9]
[cegb_tradeoff: 1]
[cegb_penalty_split: 0]
[cegb_penalty_feature_lazy: ]
[cegb_penalty_feature_coupled: ]
[path_smooth: 0]
[interaction_constraints: ]
[verbosity: -1]
[saved_feature_importance_type: 0]
[linear_tree: 0]
[max_bin: 255]
[max_bin_by_feature: ]
[min_data_in_bin: 3]
[bin_construct_sample_cnt: 200000]
[data_random_seed: 126]
[is_enable_sparse: 1]
[enable_bundle: 1]
[use_missing: 1]
[zero_as_missing: 0]
[feature_pre_filter: 1]
[pre_partition: 0]
[two_round: 0]
[header: 0]
[label_column: ]
[weight_column: ]
[group_column: ]
[ignore_column: ]
[categorical_feature: ]
[forcedbins_filename: ]
[precise_float_parser: 0]
[objective_seed: 25204]
[num_class: 1]
[is_unbalance: 0]
[scale_pos_weight: 1]
[sigmoid: 1]
[boost_from_average: 1]
[reg_sqrt: 0]
[alpha: 0.9]
[fair_c: 1]
[poisson_max_delta_step: 0.7]
[tweedie_variance_power: 1.5]
[lambdarank_truncation_level: 30]
[lambdarank_norm: 1]
[label_gain: ]
[eval_at: ]
[multi_error_top_k: 1]
[auc_mu_weights: ]
[num_machines: 1]
[local_listen_port: 12400]
[time_out: 120]
[machine_list_filename: ]
[machines: ]
[gpu_platform_id: -1]
[gpu_device_id: -1]
[gpu_use_dp: 0]
[num_gpu: 1]

end of parameters

pandas_categorical:[]
