tree
version=v3
num_class=1
num_tree_per_iteration=1
label_index=0
max_feature_idx=42
objective=regression
feature_names=TID money_in money longitude latitude day weekday yesterday_income_growth yesterday_growth_of_income_growth income_1_day_before income_2_day_before income_3_day_before income_4_day_before income_5_day_before income_6_day_before income_7_day_before income_8_day_before income_9_day_before income_10_day_before income_11_day_before income_12_day_before income_13_day_before income_14_day_before income_15_day_before income_16_day_before income_17_day_before income_18_day_before income_19_day_before income_20_day_before income_21_day_before income_22_day_before income_23_day_before income_24_day_before income_25_day_before income_26_day_before income_27_day_before income_28_day_before income_29_day_before income_30_day_before mean_income_all mean_income_last_30_days mean_income_last_7_days mean_income_last_3_days
feature_infos=[406136:699664] [0:2697000] [0:6019000] [35.500558769999998:39.842458970000003] [54.458422939999998:56.757842529999998] [1:31] [0:6] [-2214000:2697000] [-4911000:2697000] [0:2697000] [0:2697000] [0:2697000] [0:2697000] [0:2697000] [0:2697000] [0:2697000] [0:2697000] [0:2697000] [0:2697000] [0:2697000] [0:2697000] [0:2697000] [0:2697000] [0:2697000] [0:2697000] [0:2697000] [0:2697000] [0:2697000] [0:2697000] [0:2697000] [0:2697000] [0:2697000] [0:2697000] [0:2697000] [0:2697000] [0:2697000] [0:2697000] [0:2697000] [0:2697000] [2274.7252747252742:734461.5384615385] [0:843500] [0:917142.85714285716] [0:1247000]
tree_sizes=2858 2860 2871 2870 2865 2883 2885 2855 2877 2853 2864 2896 2883 2837 2841 2837 2861 2870 2881 2893 2846 2869 2855 2844 2847 2845 2842 2874 2875 2850 2878 2882

Tree=0
num_leaves=31
num_cat=0
split_feature=39 39 39 4 39 39 39 39 24 11 39 11 39 39 28 26 18 39 11 10 39 11 24 1 39 39 18 8 19 18
split_gain=8.04697e+13 2.92264e+13 2.34929e+13 8.88383e+12 8.26429e+12 4.83976e+12 3.63378e+12 1.77891e+12 1.45841e+12 1.19235e+12 7.6172e+11 6.16899e+11 5.80636e+11 4.85133e+11 4.35051e+11 3.79325e+11 3.13138e+11 2.94033e+11 2.88371e+11 2.6517e+11 2.46983e+11 2.09846e+11 2.03895e+11 2.82534e+11 1.8458e+11 1.77193e+11 1.65041e+11 1.4048e+11 1.38965e+11 1.33331e+11
threshold=87912.087912087925 252285.71428571432 43005.494505494513 55.950833515000006 141604.39560439563 61302.197802197807 24637.362637362643 113109.89010989011 376000.00000000006 190500.00000000003 70543.956043956059 313500.00000000006 51142.857142857152 34230.769230769241 883500.00000000012 492500.00000000006 137500.00000000003 14615.384615384619 133500.00000000003 417000.00000000006 101494.50549450552 58500.000000000007 292500.00000000006 259500.00000000003 187060.43956043958 154879.12087912092 83500.000000000015 186500.00000000003 458000.00000000006 173500.00000000003
decision_type=2 2 2 2 2 2 2 2 10 10 2 10 2 2 8 8 8 2 10 10 2 10 8 2 2 2 10 10 10 10
left_child=2 4 6 8 7 12 17 20 11 16 -7 22 -4 -8 -5 28 21 -1 -9 -13 -2 -6 -3 -24 -11 -18 -12 -15 -10 -20
right_child=1 3 5 14 9 10 13 18 15 24 26 19 -14 27 -16 -17 25 -19 29 -21 -22 -23 23 -25 -26 -27 -28 -29 -30 -31
leaf_value=52225.803812746221 60655.203175709743 80968.227530202057 55902.690047851545 119954.43522147361 56750.045102000317 57783.01231697404 54155.758194192233 63186.469826278568 86378.226530740852 69845.540606358845 58764.136485435949 84468.226521689779 56809.386631586684 55059.082697544211 136865.10360105336 107443.22662002657 66254.191812916019 53114.765255370985 64688.665487489408 98077.317290684034 61954.064749253186 65095.972538886395 62998.227194803345 77977.050464564381 72978.017714088754 68409.047573359043 59649.568166996629 62881.270279042481 98025.36929115752 67948.36891473076
leaf_weight=7503 4392 58 13542 29 33 9577 10370 2379 20 335 6992 41 14762 12970 32 28 627 7381 1140 22 2196 346 20 34 429 975 3012 23 21 141
leaf_count=7503 4392 58 13542 29 33 9577 10370 2379 20 335 6992 41 14762 12970 32 28 627 7381 1140 22 2196 346 20 34 429 975 3012 23 21 141
internal_value=56853.6 64093.7 55735.8 94692.2 63375.4 57211.8 53887.8 62070.2 86158.8 68248.4 58420.5 81304.2 56375.6 54665.8 128826 98471.1 66954.1 52666.6 63837.8 89220.6 61088.2 64369.3 76851.3 72429.3 71604.5 67565.7 59030.7 55072.9 92343.8 65047.5
internal_weight=0 13298 86132 305 12993 47885 38247 10248 244 2745 19581 175 28304 23363 61 69 1981 14884 3660 63 6588 379 112 54 764 1602 10004 12993 41 1281
internal_count=99430 13298 86132 305 12993 47885 38247 10248 244 2745 19581 175 28304 23363 61 69 1981 14884 3660 63 6588 379 112 54 764 1602 10004 12993 41 1281
is_linear=0
shrinkage=1


Tree=1
num_leaves=31
num_cat=0
split_feature=39 39 39 39 4 39 39 39 17 39 39 11 11 39 39 19 11 23 18 39 12 39 8 11 18 23 1 12 12 11
split_gain=6.52802e+13 2.4683e+13 1.71036e+13 8.32134e+12 7.1959e+12 3.43741e+12 2.45145e+12 1.89731e+12 1.42426e+12 1.00562e+12 5.6418e+11 4.66121e+11 3.91455e+11 3.73532e+11 3.41215e+11 2.82575e+11 2.80099e+11 2.73786e+11 2.05194e+11 1.93631e+11 1.46992e+11 1.43843e+11 1.3709e+11 1.23337e+11 1.19129e+11 1.15336e+11 1.86431e+11 1.1333e+11 1.08967e+11 8.98991e+10
threshold=82285.714285714304 252285.71428571432 41016.483516483524 125153.84615384617 55.950833515000006 58016.483516483524 23291.208791208792 158895.60439560443 405000.00000000006 102758.24175824177 68945.054945054959 199500.00000000003 300500.00000000006 48895.604395604401 31346.153846153855 796500.00000000012 130500.00000000001 492500.00000000006 69500.000000000015 13247.252747252749 327500.00000000006 93934.065934065948 190500.00000000003 158500.00000000003 177500.00000000003 385500.00000000006 263500.00000000006 76500.000000000015 97500.000000000015 227500.00000000003
decision_type=2 2 2 2 2 2 2 2 10 2 2 10 10 2 2 10 8 8 8 2 8 2 10 8 10 8 2 10 10 10
left_child=2 3 6 9 8 13 19 16 12 21 -7 23 25 -4 -8 -6 18 -10 28 -1 -14 -2 -16 -9 -18 -3 -27 -12 -5 -13
right_child=1 4 5 7 15 10 14 11 17 -11 27 29 20 -15 22 -17 24 -19 -20 -21 -22 -23 -24 -25 -26 26 -28 -29 -30 -31
leaf_value=-4239.5364309678162 2834.3478837121079 20321.60073317308 -998.18657070948848 -2108.6459591456824 70840.009834558819 635.42781345603851 -2617.4259784290166 8683.6802952719645 44276.584006076388 5189.7524683461425 1375.3427798463163 13225.277786458333 22135.210588727681 -259.4440825093663 -1807.8624824161486 57137.163194444453 7886.0724132805808 32027.179919763515 6588.3959786407213 -3490.4392698918987 31795.850716145833 3763.7387193094651 6477.7559008789067 11197.829529369459 10266.159864098458 6610.4947656250006 19950.551633522729 2111.7984738570881 4800.6222890625004 15955.799325657896
leaf_weight=6222 4758 65 13969 42 34 12505 8296 265 36 3660 4893 330 28 13420 12851 27 1751 37 968 7747 36 2562 20 740 239 20 22 3647 50 190
leaf_count=6222 4758 65 13969 42 34 12505 8296 265 36 3660 4893 330 28 13420 12851 27 1751 37 968 7747 36 2562 20 740 239 20 22 3647 50 190
internal_value=0 5881.74 -1116.24 5329.33 34054.7 102.24 -2795.89 8912.5 26374.7 3836.34 1063.31 11792.5 21382.8 -636.219 -2117.33 64774.8 7472.51 38068 6159.47 -3824.1 27569.3 3159.63 -1794.99 10534.9 8171.92 17682.5 13598.1 1689.85 1646.39 14223
internal_weight=0 15860 83570 15555 305 48434 35136 4575 244 10980 21045 1525 171 27389 21167 61 3050 73 1060 13969 64 7320 12871 1005 1990 107 42 8540 92 520
internal_count=99430 15860 83570 15555 305 48434 35136 4575 244 10980 21045 1525 171 27389 21167 61 3050 73 1060 13969 64 7320 12871 1005 1990 107 42 8540 92 520
is_linear=0
shrinkage=0.1


Tree=2
num_leaves=31
num_cat=0
split_feature=39 39 39 39 4 39 39 39 17 11 39 39 42 28 39 39 23 42 12 42 39 11 11 1 12 19 39 41 1 19
split_gain=5.28896e+13 1.94223e+13 1.4971e+13 5.85304e+12 5.82868e+12 3.12528e+12 2.22569e+12 1.18641e+12 1.15365e+12 9.028e+11 4.7634e+11 3.70818e+11 3.43401e+11 3.31181e+11 2.39643e+11 2.37932e+11 2.32785e+11 2.31955e+11 1.94431e+11 1.89713e+11 1.83878e+11 1.83271e+11 1.3871e+11 1.29914e+11 1.14852e+11 9.99966e+10 9.44321e+10 8.97603e+10 8.70416e+10 8.51078e+10
threshold=86670.32967032968 252285.71428571432 42137.362637362654 135483.51648351652 55.950833515000006 60115.384615384624 25796.703296703297 106637.36263736265 405000.00000000006 184500.00000000003 70543.956043956059 51142.857142857152 339833.33333333337 883500.00000000012 16384.615384615387 32214.285714285721 460500.00000000006 120500.00000000001 161500.00000000003 248333.33333333334 187060.43956043958 313500.00000000006 53500.000000000007 154500.00000000003 81500.000000000015 477500.00000000006 96813.186813186825 55928.571428571435 1.0000000180025095e-35 119500.00000000001
decision_type=2 2 2 2 2 2 2 2 10 10 2 2 10 8 2 2 8 10 8 8 2 10 10 2 10 8 2 8 2 8
left_child=2 3 6 7 8 11 14 26 12 18 -7 -4 19 -6 -1 -8 -10 27 22 -3 -11 -21 29 -19 28 -18 -2 -9 -12 -5
right_child=1 4 5 9 13 10 15 17 16 20 24 -13 -14 -15 -16 -17 25 23 -20 21 -22 -23 -24 -25 -26 -27 -28 -29 -30 -31
leaf_value=-3696.024778374262 2852.1358090252411 8868.508544921875 -796.68910280649845 -3175.329735107422 50557.283620689661 726.41911897424347 -2240.8085890886373 -1485.0291537602743 42329.982552083333 10203.018566529649 -253.22876737126018 -74.506725525688509 27922.511729600694 65311.755664062504 -2909.5146541385716 -1537.8237266828139 25304.566761363636 5745.6979974423766 8880.0247048427391 16539.349110991381 13030.504218431557 26409.931770833333 7212.7222730140656 8119.0596921516189 2169.9047941233216 34386.900636574072 3667.3502750223015 4661.8168483975405 1526.495307808618 5091.7206554066051
leaf_weight=8845 4026 24 14823 20 29 10675 7381 24 24 460 289 13664 36 32 6893 13847 22 1825 1004 87 460 24 1073 264 3389 27 2196 2340 5594 33
leaf_count=8845 4026 24 14823 20 29 10675 7381 24 24 460 289 13664 36 32 6893 13847 22 1825 1004 87 460 24 1073 264 3389 27 2196 2340 5594 33
internal_value=0 5690.19 -934.816 5135.54 30649.2 221.889 -2450.37 4031.71 23737.2 8998.93 1181.85 -450.289 19244.5 58297.3 -3351.55 -1782.25 34261.2 5277.87 7868.22 16930.4 11616.8 18673.5 6966.05 6045.63 1706.19 30309.1 3139.86 4599.41 1439.07 1972.08
internal_weight=0 14030 85400 13725 305 48434 36966 10675 244 3050 19947 28487 171 61 15738 21228 73 4453 2130 135 920 111 1126 2089 9272 49 6222 2364 5883 53
internal_count=99430 14030 85400 13725 305 48434 36966 10675 244 3050 19947 28487 171 61 15738 21228 73 4453 2130 135 920 111 1126 2089 9272 49 6222 2364 5883 53
is_linear=0
shrinkage=0.1


Tree=3
num_leaves=31
num_cat=0
split_feature=39 39 39 39 17 39 10 39 39 28 3 39 39 26 42 39 39 18 10 39 2 10 18 39 8 18 18 19 42 23
split_gain=4.2915e+13 1.61879e+13 1.12628e+13 5.48222e+12 3.83701e+12 2.35682e+12 1.57685e+12 1.52937e+12 1.28317e+12 7.74414e+11 7.17989e+11 6.46073e+11 4.24817e+11 3.41381e+11 2.75118e+11 2.13946e+11 2.12297e+11 1.96976e+11 1.85407e+11 1.24425e+11 1.2167e+11 1.09104e+11 1.15004e+11 9.9803e+10 9.70516e+10 9.48238e+10 8.6506e+10 8.41438e+10 7.47378e+10 1.02929e+11
threshold=82285.714285714304 252285.71428571432 40428.571428571442 125153.84615384617 590500.00000000012 56681.318681318691 417000.00000000006 22428.571428571431 158895.60439560443 883500.00000000012 37.547404760000006 102758.24175824177 67423.076923076951 292500.00000000006 196166.66666666669 47609.890109890119 29983.516483516487 139500.00000000003 230500.00000000003 11692.307692307693 1158500.0000000002 89500.000000000015 1.0000000180025095e-35 89252.747252747271 193500.00000000003 136500.00000000003 78500.000000000015 379000.00000000006 24833.333333333339 44500.000000000007
decision_type=2 2 2 2 10 2 8 2 2 8 2 2 2 10 10 2 2 10 10 2 2 8 8 2 10 8 10 10 8 10
left_child=2 3 7 11 6 15 13 19 17 -6 -8 23 28 18 25 -4 -9 21 -3 -1 -12 22 -5 -2 -18 -10 -14 -15 29 -7
right_child=1 4 5 8 9 12 10 16 14 -11 20 -13 26 27 -16 -17 24 -19 -20 -21 -22 -23 -24 -25 -26 -27 -28 -29 -30 -31
leaf_value=-3535.4765097709105 2115.0939119203172 4712.6707775297618 -871.44429050793462 -3453.2061848958338 41882.6416015625 615.50233669796512 49020.913392857146 -2190.5273790290707 5358.2917032362539 66954.189275568177 21862.798899147729 4194.5444355664495 1105.1290124845534 19633.97292480469 11583.180153558847 -305.06393400184345 -1531.9336205469529 6973.7378783712702 15230.630280496989 -2900.530012046444 30685.268865740742 5613.2703256673922 4002.3611911214193 2868.8149552998434 5115.3821111505686 8961.5692899875576 1739.8928731424382 27667.78370028409 454.45129169035738 -4908.1515483240928
leaf_weight=4758 2928 21 12566 24 28 74 21 7320 79 22 22 3660 6884 32 479 14213 13398 1307 83 8784 54 1569 150 4392 22 967 3120 22 12369 62
leaf_count=4758 2928 21 12566 24 28 74 21 7320 79 22 22 3660 6884 32 479 14213 13398 1307 83 8784 54 1569 150 4392 22 967 3120 22 12369 62
internal_value=0 4768.91 -905.049 4321.55 27584.3 63.1407 22617.7 -2297.04 7229.91 52914.1 32653.9 3109.73 817.385 16456.2 9598.35 -570.837 -1757.33 6045.7 13106.8 -3123.62 28131.4 5349.8 2974.01 2567.33 -1521.04 8689.43 1303.1 22907 428.816 -1902.63
internal_weight=0 15860 83570 15555 305 49288 255 34282 4575 50 97 10980 22509 158 1525 26779 20740 3050 104 13542 76 1743 174 7320 13420 1046 10004 54 12505 136
internal_count=99430 15860 83570 15555 305 49288 255 34282 4575 50 97 10980 22509 158 1525 26779 20740 3050 104 13542 76 1743 174 7320 13420 1046 10004 54 12505 136
is_linear=0
shrinkage=0.1


Tree=4
num_leaves=31
num_cat=0
split_feature=39 39 39 39 4 39 39 39 17 39 39 11 42 26 11 39 19 25 0 39 12 26 11 11 32 12 10 10 25 39
split_gain=3.47658e+13 1.3374e+13 8.59457e+12 4.94721e+12 3.83895e+12 1.65741e+12 1.24341e+12 1.14323e+12 8.05488e+11 5.5119e+11 2.86607e+11 2.40675e+11 2.35828e+11 2.31896e+11 2.13232e+11 1.99612e+11 1.97539e+11 1.66907e+11 2.73636e+11 1.55585e+11 1.38791e+11 1.18548e+11 1.13664e+11 9.73352e+10 9.50808e+10 1.01247e+11 9.23033e+10 9.03558e+10 8.99738e+10 8.36885e+10
threshold=79587.912087912104 252285.71428571432 40428.571428571442 122829.67032967033 55.950833515000006 56021.97802197803 21445.054945054948 171978.02197802201 405000.00000000006 98329.670329670349 65763.736263736282 151500.00000000003 339833.33333333337 29500.000000000004 191500.00000000003 30857.142857142859 796500.00000000012 250500.00000000003 676433.00000000012 48697.802197802208 107500.00000000001 321500.00000000006 119500.00000000001 80500.000000000015 89500.000000000015 151500.00000000003 80500.000000000015 230500.00000000003 132500.00000000003 11302.197802197805
decision_type=2 2 2 2 2 2 2 2 10 2 2 10 10 10 8 2 10 10 2 2 8 8 10 8 10 10 10 10 8 2
left_child=2 3 6 9 8 19 29 11 12 23 -7 20 17 -10 28 -8 -6 18 -3 -4 26 -19 -11 -2 -12 -26 -5 -16 -9 -1
right_child=1 4 5 7 16 10 15 14 13 22 24 -13 -14 -15 27 -17 -18 21 -20 -21 -22 -23 -24 -25 25 -27 -28 -29 -30 -31
leaf_value=-3209.7642561439334 1534.6675394359036 14344.817101562501 -750.86893716244697 -258.18160983814914 52335.113419117646 316.40061791830817 -1960.2568072146223 3134.2813027518137 37185.102500000001 3194.2129284084522 955.36056409077048 6638.7313422939469 22653.759375000001 24547.77839033019 9634.4171275426252 -1344.9824359864369 40878.130584490747 14236.230515252977 961.71248224431827 -258.35507829229215 5221.8244831687716 23438.242410714287 4342.8023882131001 2322.622883550529 1907.7486915911923 8379.5350703125005 3871.8493849844303 12504.033318696605 7946.6904837943412 -2668.1248189354883
leaf_weight=4331 2194 50 14457 68 34 11834 9150 42 20 3215 9248 1229 36 53 521 12444 27 42 22 11529 2159 21 1177 5492 731 25 265 139 518 8357
leaf_count=4331 2194 50 14457 68 34 11834 9150 42 20 3215 9248 1229 36 53 521 12444 27 42 22 11529 2159 21 1177 5492 731 25 265 139 518 8357
internal_value=0 4070.81 -858.923 3698.85 24825.9 7.31064 -2067.33 6364.51 19216.4 2608.36 649.488 5493.52 15462.3 28010.1 9021 -1605.69 47264 13544.6 10255.5 -532.359 4928.73 17303.6 3502.02 2097.7 1043.51 2121.76 3028.48 10238.8 7585.76 -2853.01
internal_weight=0 17324 82106 17019 305 47824 34282 4941 244 12078 21838 3721 171 73 1220 21594 61 135 72 25986 2492 63 4392 7686 10004 756 333 660 560 12688
internal_count=99430 17324 82106 17019 305 47824 34282 4941 244 12078 21838 3721 171 73 1220 21594 61 135 72 25986 2492 63 4392 7686 10004 756 333 660 560 12688
is_linear=0
shrinkage=0.1


Tree=5
num_leaves=31
num_cat=0
split_feature=39 39 39 39 11 39 39 17 39 11 11 24 11 11 39 39 18 18 2 11 11 10 10 17 12 1 7 12 18 25
split_gain=2.82141e+13 1.01772e+13 8.28773e+12 3.01501e+12 2.72105e+12 1.55324e+12 1.45269e+12 7.22116e+11 6.33559e+11 6.22531e+11 4.45833e+11 2.33206e+11 2.13762e+11 2.03072e+11 1.89807e+11 1.78177e+11 1.72839e+11 1.65425e+11 1.26907e+11 1.26171e+11 1.05204e+11 1.00838e+11 9.17973e+10 9.04912e+10 8.57531e+10 9.27519e+10 8.32845e+10 7.9223e+10 7.91341e+10 7.29023e+10
threshold=87912.087912087925 252285.71428571432 45076.923076923085 141604.39560439563 582500.00000000012 27324.175824175833 63401.098901098907 543500.00000000012 113109.89010989011 324500.00000000006 191500.00000000003 442500.00000000006 54500.000000000007 75500.000000000015 18461.538461538468 36082.417582417591 1.0000000180025095e-35 774000.00000000012 1158500.0000000002 126500.00000000001 105500.00000000001 157500.00000000003 230500.00000000003 233500.00000000003 89500.000000000015 56500.000000000007 -13499.999999999998 57500.000000000007 76500.000000000015 189500.00000000003
decision_type=2 2 2 2 10 2 2 10 2 8 10 8 10 10 2 2 8 8 2 8 10 8 10 10 8 2 8 10 10 10
left_child=2 3 5 8 7 14 12 9 20 11 16 23 -4 -8 -1 -7 -5 -6 26 24 -2 -18 -12 -3 25 -10 -11 -14 -15 -21
right_child=1 4 6 10 17 15 13 -9 19 18 22 -13 27 28 -16 -17 21 -19 -20 29 -22 -23 -24 -25 -26 -27 -28 -29 -30 -31
leaf_value=-2642.5267603561879 2219.5472226356728 19909.703457031253 -408.43749950544134 -486.1079656982422 35728.086718750004 -1469.9137492890022 741.98259728902894 35556.171130952382 -4608.9233101222826 22191.204296875003 8334.6193270523836 4399.2479383680557 -85.057373150716714 1103.8100081425109 -1959.5820572999103 -924.27405691788397 5346.6780509966438 46639.360369318187 24910.094562639511 4565.5828797955319 3081.8881960826648 6794.9451473850222 11126.098465927334 12158.559699987192 3739.7095514123539 2301.0002135742188 14331.372147042413 414.7476683284309 1786.084243517661 7467.9234706333709
leaf_weight=10980 4531 20 14842 40 24 10370 9788 21 23 26 610 36 6741 3319 6466 14152 862 33 56 1768 2057 1087 146 61 1653 125 28 5989 3485 91
leaf_count=10980 4531 20 14842 40 24 10370 9788 21 23 26 610 36 6741 3319 6466 14152 862 33 56 1768 2057 1087 146 61 1653 125 28 5989 3485 91
internal_value=0 4287.1 -661.889 3863.24 22343.3 -1668.15 294.337 17815.1 3074.85 16173.8 6806.57 11096.1 -150.569 1033.67 -2389.41 -1155.02 6020.86 42045.1 21574.7 4129.75 2488.8 6154.41 8873.71 14072.4 3533.24 1227.16 18115.7 150.083 1453.27 4707.66
internal_weight=0 13298 86132 12993 305 41968 44164 248 10248 227 2745 117 27572 16592 17446 24522 1989 57 110 3660 6588 1949 756 81 1801 148 54 12730 6804 1859
internal_count=99430 13298 86132 12993 305 41968 44164 248 10248 227 2745 117 27572 16592 17446 24522 1989 57 110 3660 6588 1949 756 81 1801 148 54 12730 6804 1859
is_linear=0
shrinkage=0.1


Tree=6
num_leaves=31
num_cat=0
split_feature=42 42 42 42 1 11 12 1 42 12 12 24 1 32 12 42 12 12 18 1 42 18 1 11 1 11 1 12 1 10
split_gain=2.05914e+13 7.98793e+12 6.04985e+12 2.96835e+12 1.3975e+12 1.28178e+12 1.06644e+12 5.96561e+11 5.77637e+11 5.3314e+11 4.97738e+11 4.11863e+11 2.59042e+11 2.57607e+11 2.53463e+11 2.41287e+11 2.36113e+11 2.32755e+11 1.96874e+11 1.91604e+11 1.83678e+11 1.80066e+11 1.72464e+11 1.68878e+11 1.33639e+11 1.27093e+11 1.2254e+11 1.19907e+11 1.26298e+11 1.04569e+11
threshold=88500.000000000015 339833.33333333337 45166.666666666679 146500.00000000003 67500.000000000015 582500.00000000012 27500.000000000004 155500.00000000003 220833.33333333334 103500.00000000001 54500.000000000007 185500.00000000003 31500.000000000004 796500.00000000012 355500.00000000006 73166.666666666672 142500.00000000003 150500.00000000003 120500.00000000001 316500.00000000006 19166.666666666668 306000.00000000006 40500.000000000007 69500.000000000015 16500.000000000004 209500.00000000003 86500.000000000015 132500.00000000003 139500.00000000003 513500.00000000006
decision_type=10 10 8 10 2 10 8 2 10 10 10 10 2 8 8 8 8 8 10 2 10 10 2 10 2 10 2 10 2 10
left_child=2 3 6 9 10 14 11 15 17 24 12 20 -4 -7 -3 -6 -9 26 -11 -18 -1 -10 -8 -12 -2 -19 -5 -24 -29 -16
right_child=1 5 4 8 7 13 22 16 21 18 23 -13 -14 -15 29 -17 19 25 -20 -21 -22 -23 27 -25 -26 -27 -28 28 -30 -31
leaf_value=-2334.3781523980847 -289.81667779798255 11030.071116536459 -1480.8198495759398 1255.3016684487602 491.40245339597504 27895.6430859375 -1231.696563917599 2079.8707858836597 9444.3425157833408 2867.6983594678672 96.371912518530493 11951.644337100075 -356.741261994355 41854.749559294869 19389.479286629816 1324.2536620122169 5785.1369043499499 6111.4805647453686 4162.2821440364669 15553.636470170457 -1679.1563040115489 17554.519713541667 -699.89391780078699 909.54776128593244 2030.8890158856259 8659.9768337199785 4880.5734362161575 -681.57812218299284 7474.3087098817577 27167.691199218752
leaf_weight=10261 261 30 2369 107 6787 20 13467 207 313 3112 10809 21 15230 39 56 7136 230 1345 1887 22 7338 30 8919 3344 5035 229 725 39 37 25
leaf_count=10261 261 30 2369 107 6787 20 13467 207 313 3112 10809 21 15230 39 56 7136 230 1345 1887 22 7338 30 8919 3344 5035 229 725 39 37 25
internal_value=0 3675.88 -563.388 3395.19 217.417 25212.7 -1462.09 1035.2 6314.49 2615.68 -152.999 -2044.48 -508.053 37122.8 18882 918.266 4582.34 5767.17 3356.37 6637.94 -2061.18 10153.7 -1005.24 288.505 1916.52 6482.26 4414.34 -666.191 3289.05 21790.2
internal_weight=0 13214 86216 13044 46134 170 40082 14382 2749 10295 31752 17620 17599 59 111 13923 459 2406 4999 252 17599 343 22462 14153 5296 1574 832 8995 76 81
internal_count=99430 13214 86216 13044 46134 170 40082 14382 2749 10295 31752 17620 17599 59 111 13923 459 2406 4999 252 17599 343 22462 14153 5296 1574 832 8995 76 81
is_linear=0
shrinkage=0.1


Tree=7
num_leaves=31
num_cat=0
split_feature=39 39 39 39 4 39 39 39 19 3 39 25 4 19 11 1 25 11 18 18 39 11 1 1 8 12 31 11 18 11
split_gain=1.87994e+13 7.23276e+12 4.66035e+12 2.67885e+12 2.12327e+12 9.07282e+11 6.79504e+11 5.84605e+11 4.8171e+11 4.69381e+11 4.06359e+11 2.56452e+11 2.63673e+11 1.56836e+11 1.54385e+11 1.06736e+11 1.06238e+11 1.04274e+11 1.03123e+11 1.02628e+11 9.45659e+10 8.72372e+10 8.40547e+10 8.25222e+10 1.25885e+11 8.15703e+10 8.0516e+10 7.69722e+10 6.90943e+10 6.3993e+10
threshold=79587.912087912104 252285.71428571432 40428.571428571442 133060.43956043958 55.950833515000006 56021.97802197803 25016.48351648352 106637.36263736265 156500.00000000003 37.97622848000001 177840.65934065936 250500.00000000003 55.543903175000004 796500.00000000012 70500.000000000015 154500.00000000003 175500.00000000003 91500.000000000015 69500.000000000015 200500.00000000003 14049.450549450552 48500.000000000007 245500.00000000003 4500.0000000000009 186500.00000000003 59500.000000000007 142500.00000000003 97500.000000000015 113500.00000000001 180500.00000000003
decision_type=2 2 2 2 2 2 2 2 8 2 2 10 2 10 10 2 10 10 8 8 2 10 2 2 10 8 8 10 8 10
left_child=2 3 6 7 8 21 20 17 -3 11 16 12 -10 -6 -7 25 18 -2 27 -12 -1 -4 -13 -8 -25 26 -9 -5 -27 -30
right_child=1 4 5 10 13 14 23 15 9 -11 19 22 -14 -15 -16 -17 -18 -19 -20 -21 -22 -23 -24 24 -26 28 -28 -29 29 -31
leaf_value=-2285.125876544545 1362.6581202555201 28954.732199707036 -568.31461987097589 -3296.6225691731775 39462.413602941175 290.50997797350595 -1764.4759479017484 2843.4606919562684 -2957.068033854167 20240.062743340168 5841.9977688736653 19353.254296875002 9714.562714092548 29253.812091290511 851.75834969571554 4535.9478982261626 6131.2430468193652 2027.1565086512733 4430.833683232554 7978.2755457983258 -1786.6508785311264 -201.5083690837628 11965.911532182836 -1063.3140090952381 6683.849758184524 2372.9942878318607 -1566.3712148931963 3369.0439753834794 3233.7997202878159 6463.8111599392359
leaf_weight=7076 5166 20 13568 30 34 14411 1806 87 24 61 398 20 52 27 7427 454 373 4350 1996 517 8235 12418 67 17144 21 1141 79 41 2324 63
leaf_count=7076 5166 20 13568 30 34 14411 1806 87 24 61 398 20 52 27 7427 454 373 4350 1996 517 8235 12418 67 17144 21 1141 79 41 2324 63
internal_value=0 2993.48 -631.611 2719.95 18256.7 6.25888 -1521.45 2098.27 14084.9 12757.2 5251.87 9956.86 5713 34943.9 481.388 3088.99 4577.92 1666.42 4297.62 7049.05 -2017.02 -393.028 13664.2 -1121.49 -1053.84 2911.15 744.806 552.565 3013.08 3319.05
internal_weight=0 17324 82106 17019 305 47824 34282 13664 244 224 3355 163 76 61 21838 4148 2440 9516 2067 915 15311 25986 87 18971 17165 3694 166 71 3528 2387
internal_count=99430 17324 82106 17019 305 47824 34282 13664 244 224 3355 163 76 61 21838 4148 2440 9516 2067 915 15311 25986 87 18971 17165 3694 166 71 3528 2387
is_linear=0
shrinkage=0.1


Tree=8
num_leaves=31
num_cat=0
split_feature=42 42 42 42 4 42 41 22 18 9 42 25 41 28 9 11 41 41 9 28 32 18 2 2 7 25 16 37 13 9
split_gain=1.35643e+13 5.27427e+12 3.86401e+12 2.11139e+12 1.02365e+12 7.47745e+11 5.76385e+11 4.96315e+11 4.55212e+11 3.41799e+11 3.24945e+11 1.78319e+11 1.61942e+11 1.56796e+11 1.45407e+11 1.44126e+11 1.38355e+11 1.33184e+11 1.17102e+11 1.25371e+11 1.08356e+11 1.24605e+11 1.06764e+11 1.00329e+11 9.99458e+10 9.7704e+10 9.88417e+10 7.84943e+10 7.69124e+10 7.59589e+10
threshold=86500.000000000015 339833.33333333337 43166.666666666679 141166.66666666672 55.950833515000006 62500.000000000007 22928.571428571431 139500.00000000003 192500.00000000003 118500.00000000001 106500.00000000001 245500.00000000003 36071.42857142858 819000.00000000012 236500.00000000003 396000.00000000006 55928.571428571435 73071.428571428594 10500.000000000002 128500.00000000001 174500.00000000003 85500.000000000015 696500.00000000012 689500.00000000012 104500.00000000001 120500.00000000001 2500.0000000000005 482500.00000000006 315500.00000000006 44500.000000000007
decision_type=10 10 8 10 2 10 8 10 10 10 10 10 10 8 10 10 10 10 10 10 10 8 2 2 10 10 8 8 10 10
left_child=2 3 6 10 15 9 7 -1 20 16 -2 -10 -8 -6 24 -3 23 -7 19 -18 21 -5 -14 -4 -11 26 -12 -17 -13 -28
right_child=1 4 5 8 13 17 12 -9 11 14 25 28 22 -15 -16 27 18 -19 -20 -21 -22 -23 -24 -25 -26 -27 29 -29 -30 -31
leaf_value=-1810.0356383018534 1526.7763494029709 9253.4116824988159 -347.43809576920893 763.6701359979038 24519.937926136365 433.9880302833991 -1175.6358784200631 13955.268583374023 6315.6448154408699 3517.4320396525977 -741.35123745787382 9255.0748870092975 -666.85865545161982 35235.581982421878 9457.679109547933 12868.108574131558 1471.189872486937 1014.5700735533316 80.251678848452826 8858.918574218751 5773.8710265009286 4142.97575801729 5749.4657658503611 2055.8805365164621 85.641114149998586 3309.7987939060786 7195.5324721827656 19457.850160845588 15811.0927734375 2370.9806068708558
leaf_weight=12808 6180 33 23413 116 22 10550 14023 20 655 223 102 121 10066 36 30 28 283 6317 7298 25 387 1838 26 175 137 1474 33 51 21 2939
leaf_count=12808 6180 33 23413 116 22 10550 14023 20 655 223 102 121 10066 36 30 28 283 6317 7298 25 387 1838 26 175 137 1474 33 51 21 2939
internal_value=0 2880.93 -473.531 2666.29 20387.9 113.851 -1243.89 -1785.46 4947.9 -173.235 1998.91 7012.1 -955.797 31171 2768.85 14803.7 -210.018 651.427 160.859 2070.84 4245.14 3942.36 -650.328 -329.608 2211.44 2640.46 2319.5 17122.2 10224.6 2424.55
internal_weight=0 14036 85394 13866 170 48451 36943 12828 3138 31584 10728 797 24115 58 390 112 31194 16867 7606 308 2341 1954 10092 23588 360 4548 3074 79 142 2972
internal_count=99430 14036 85394 13866 170 48451 36943 12828 3138 31584 10728 797 24115 58 390 112 31194 16867 7606 308 2341 1954 10092 23588 360 4548 3074 79 142 2972
is_linear=0
shrinkage=0.1


Tree=9
num_leaves=31
num_cat=0
split_feature=39 39 39 4 39 39 39 24 39 42 20 20 0 25 28 29 39 42 32 42 1 28 12 1 42 25 35 18 39 12
split_gain=1.2588e+13 4.52909e+12 3.79871e+12 1.38966e+12 1.31559e+12 7.86477e+11 6.30019e+11 3.48363e+11 2.89978e+11 1.9341e+11 1.92562e+11 1.53299e+11 2.66658e+11 1.47956e+11 1.46431e+11 1.3834e+11 1.18439e+11 1.04463e+11 1.01011e+11 9.37712e+10 8.70642e+10 7.79055e+10 7.77151e+10 7.57648e+10 7.86613e+10 6.98651e+10 9.87967e+10 6.80138e+10 5.91418e+10 5.81457e+10
threshold=89252.747252747271 252285.71428571432 45978.021978021985 55.950833515000006 145791.20879120883 28780.219780219784 65181.318681318684 376000.00000000006 115593.4065934066 189166.66666666669 482500.00000000006 225500.00000000003 676433.00000000012 44500.000000000007 883500.00000000012 497500.00000000006 16978.021978021981 59166.666666666679 89500.000000000015 1.0000000180025095e-35 396000.00000000006 42500.000000000007 40500.000000000007 154500.00000000003 41500.000000000007 210500.00000000003 174500.00000000003 137500.00000000003 200807.69230769234 76500.000000000015
decision_type=2 2 2 2 2 2 2 10 2 10 10 8 2 8 8 8 2 10 10 8 2 8 10 2 8 10 8 8 2 8
left_child=2 4 5 7 8 16 17 11 19 13 15 -3 20 -6 -5 -9 -1 -4 29 -2 -13 -15 -7 24 -10 -11 -27 -23 -29 -8
right_child=1 3 6 14 9 22 18 10 23 25 -12 12 -14 21 -16 -17 -18 -19 -20 -21 -22 27 -24 -25 -26 26 -28 28 -30 -31
leaf_value=-1815.5815784748936 8562.1368872070307 17218.609988839289 -177.33312348868964 23304.607307381466 -1777.1079089653203 -858.66437433388694 469.28693773756214 18884.41053125 -3614.2721630859378 5482.5719868251254 25064.707778532611 8960.9945556640632 -349.23669596354171 9630.3143477828417 33115.462203979492 7874.7812872023824 -1318.207782700058 235.4666112163213 1485.5537037827764 1704.414694300639 16025.835546875001 2763.333616762056 -495.05851374310396 3867.2057459678649 2678.1615360441206 14204.820238095237 6958.8264489273997 4386.1875648847308 8436.7087732263517 892.1141724930402
leaf_weight=9699 20 21 18854 29 41 14962 6864 25 20 462 23 103 30 27 32 21 9455 9084 1717 6568 21 271 9682 600 2979 21 181 1400 37 6181
leaf_count=9699 20 21 18854 29 41 14962 6864 25 20 462 23 103 30 27 32 21 9455 9084 1717 6568 21 271 9682 600 2979 21 181 1400 37 6181
internal_value=0 2909.98 -435.061 14951.3 2619.13 -1089.4 236.103 11576.3 2119.58 4704.77 17593.8 9203.65 8110.7 4160.38 28451.3 13858.3 -1570.06 -43.1119 764.533 1725.23 10157.5 4300.69 -715.813 2841.42 2636.2 6160.84 7712.12 4216.44 4490.48 669.632
internal_weight=0 12932 86498 305 12627 43798 42700 244 10187 2440 69 175 154 1776 61 46 19154 27938 14762 6588 124 1735 24644 3599 2999 664 202 1708 1437 13045
internal_count=99430 12932 86498 305 12627 43798 42700 244 10187 2440 69 175 154 1776 61 46 19154 27938 14762 6588 124 1735 24644 3599 2999 664 202 1708 1437 13045
is_linear=0
shrinkage=0.1


Tree=10
num_leaves=31
num_cat=0
split_feature=39 39 39 39 17 39 9 28 42 10 39 12 39 25 12 7 12 8 8 17 20 42 22 12 42 21 12 24 28 20
split_gain=1.02112e+13 3.94728e+12 2.53748e+12 1.49402e+12 1.09654e+12 5.56357e+11 5.3509e+11 4.3689e+11 3.25986e+11 3.15343e+11 3.04957e+11 2.46274e+11 2.35372e+11 1.0531e+11 1.04092e+11 9.90872e+10 9.59073e+10 7.08832e+10 6.9792e+10 6.92501e+10 6.61464e+10 6.50203e+10 9.72236e+10 6.00799e+10 6.00843e+10 5.8951e+10 5.74718e+10 5.25617e+10 5.10639e+10 5.92142e+10
threshold=78873.626373626394 252285.71428571432 37868.131868131873 126521.97802197804 590500.00000000012 54247.252747252758 641500.00000000012 883500.00000000012 178833.33333333334 163500.00000000003 19703.29670329671 373000.00000000006 96813.186813186825 71500.000000000015 76500.000000000015 -166499.99999999997 170500.00000000003 85500.000000000015 193500.00000000003 230500.00000000003 81500.000000000015 9166.6666666666697 1.0000000180025095e-35 108500.00000000001 43833.333333333336 188500.00000000003 49500.000000000007 163500.00000000003 130500.00000000001 101500.00000000001
decision_type=2 2 2 2 10 2 8 8 10 10 2 8 2 8 10 8 8 10 10 10 8 8 8 8 10 10 10 10 10 10
left_child=2 3 10 12 6 26 9 -6 13 -3 -1 17 -2 25 21 -15 27 -11 -12 -10 -18 22 -7 24 -14 -5 -4 -17 -16 -30
right_child=1 4 5 8 7 14 -8 -9 19 11 18 -13 23 15 28 16 20 -19 -20 -21 -22 -23 -24 -25 -26 -27 -28 -29 29 -31
leaf_value=-1597.2843288169147 1095.5262385114327 -2229.0774832589286 -463.81831631317368 1272.6564939250118 18711.244332449776 1773.6714020373777 26503.333704833985 37542.561914062499 4796.7336495918762 8747.2951015625003 -952.45716719819472 14481.711354901716 -2942.6736610149514 8672.530979225854 706.63268224123715 2626.4754370606915 9134.5399531250005 2356.5013520740331 4683.1015735973015 7032.2549741802795 3913.5811801103177 229.23511599874433 -3540.0365864159926 2251.4140673976462 1636.8949545294047 -4387.608166769277 -159.70467815698166 4031.1901708707842 1013.3809539307939 6590.4070243835449
leaf_weight=11407 7686 21 16885 92 28 51 20 22 865 100 19437 93 29 33 4272 1931 25 21 22 165 827 19648 106 3032 2368 23 9833 309 47 32
leaf_count=11407 7686 21 16885 92 28 51 20 22 865 100 19437 93 29 33 4272 1931 25 21 22 165 827 19648 106 3032 2368 23 9833 309 47 32
internal_value=0 2178.38 -471.441 1980.53 13456.1 -37.4546 10801.1 26997 3605.18 9464.7 -1186.75 10612.2 1451.57 3112.54 310.336 3221.9 3163.73 7638.15 -946.086 5154.85 4066.78 213.038 -1813.93 1955.63 1581.49 140.604 -351.896 2820.25 753.219 3272.43
internal_weight=0 17690 81740 17385 305 50874 255 50 4270 235 30866 214 13115 3240 24156 3125 3092 121 19459 1030 852 19805 157 5429 2397 115 26718 2240 4351 79
internal_count=99430 17690 81740 17385 305 50874 255 50 4270 235 30866 214 13115 3240 24156 3125 3092 121 19459 1030 852 19805 157 5429 2397 115 26718 2240 4351 79
is_linear=0
shrinkage=0.1


Tree=11
num_leaves=31
num_cat=0
split_feature=42 42 42 42 4 11 11 22 41 42 9 8 6 32 8 41 2 11 11 32 11 41 8 11 9 8 32 7 37 9
split_gain=7.28649e+12 2.60396e+12 2.37137e+12 9.14652e+11 5.4448e+11 4.59903e+11 4.10071e+11 3.513e+11 1.87667e+11 1.83137e+11 1.38705e+11 1.79809e+11 1.18715e+11 1.17136e+11 9.96164e+10 9.22607e+10 1.18032e+11 9.11323e+10 8.79525e+10 8.58324e+10 8.50046e+10 6.52627e+10 6.48759e+10 8.77336e+10 6.21122e+10 6.52384e+10 6.17687e+10 1.199e+11 5.99923e+10 5.72202e+10
threshold=94500.000000000015 339833.33333333337 46500.000000000007 159833.33333333334 55.950833515000006 65500.000000000007 27500.000000000004 192500.00000000003 111928.57142857143 220833.33333333334 115500.00000000001 193500.00000000003 3.5000000000000004 79500.000000000015 -86499.999999999985 13214.285714285716 696500.00000000012 130500.00000000001 396000.00000000006 61500.000000000007 68500.000000000015 37357.142857142862 -237499.99999999997 215500.00000000003 38500.000000000007 263500.00000000006 72500.000000000015 -166499.99999999997 482500.00000000006 243500.00000000003
decision_type=10 10 8 10 2 10 10 10 8 10 10 8 2 10 8 10 2 10 10 10 10 8 8 10 8 10 8 10 8 10
left_child=2 3 6 8 18 10 7 15 26 20 19 -12 -6 14 -7 -1 -17 -10 -3 24 -5 -8 -22 -24 25 -4 -2 -28 -20 -13
right_child=1 4 5 9 12 13 21 -9 17 -11 11 29 -14 -15 -16 16 -18 -19 28 -21 22 -23 23 -25 -26 -27 27 -29 -30 -31
leaf_value=-1495.9428376186061 64.964567962305509 6294.7525686553035 -851.45679221158355 -815.09981184005744 18629.72284268466 -402.44872951069817 -765.63293812641427 11162.159587296197 1845.5736726989635 6280.4928534060109 -143.20493057781363 2696.5636797630182 27765.372855468755 1077.5974516195522 545.83642180250808 -1050.2422695444329 6638.3062304687501 2740.4661083926062 8722.6201145717077 313.8022160453304 1289.9803480250862 -423.80911677243353 3736.4938799040046 6143.6214003646592 -118.71031495124603 4760.5689499627979 8078.0102064344628 1391.092154604278 14483.613235294119 7679.3103183593748
leaf_weight=6896 358 33 1521 40 33 1220 9394 23 2572 343 374 295 25 3973 12043 12061 20 2041 28 4527 93 13777 1322 171 22222 21 27 3901 51 25
leaf_count=6896 358 33 1521 40 33 1220 9394 23 2572 343 374 295 25 3973 12043 12061 20 2041 28 4527 93 13777 1322 171 22222 21 27 3901 51 25
internal_value=0 2422.49 -302.51 2230.39 14703.2 192.234 -844.767 -1189.13 1798.87 4180.69 -51.012 1345.69 22567.5 601.289 458.608 -1204.1 -1037.51 2241.51 10630.6 -85.2742 3737.74 -562.392 3852.57 4012.19 -161.298 -775.028 1322.45 1437.06 12441.7 3085.84
internal_weight=0 11038 88392 10868 170 46221 42171 19000 8899 1969 28985 694 58 17236 13263 18977 12081 4613 112 28291 1626 23171 1586 1493 23764 1542 4286 3928 79 320
internal_count=99430 11038 88392 10868 170 46221 42171 19000 8899 1969 28985 694 58 17236 13263 18977 12081 4613 112 28291 1626 23171 1586 1493 23764 1542 4286 3928 79 320
is_linear=0
shrinkage=0.1


Tree=12
num_leaves=31
num_cat=0
split_feature=1 9 12 12 1 11 11 18 24 11 1 10 7 18 11 24 11 11 1 13 3 6 40 8 11 41 10 18 25 15
split_gain=6.24188e+12 2.32927e+12 1.80342e+12 1.06307e+12 6.13471e+11 4.47918e+11 4.16067e+11 3.99551e+11 3.96781e+11 2.81145e+11 1.84636e+11 1.43956e+11 1.35579e+11 1.27933e+11 1.16991e+11 1.24794e+11 1.07691e+11 1.04017e+11 8.50433e+10 8.11149e+10 7.77563e+10 6.70256e+10 6.51223e+10 5.89992e+10 5.8297e+10 5.21421e+10 5.14578e+10 5.05728e+10 4.80379e+10 4.76523e+10
threshold=90500.000000000015 452500.00000000006 49500.000000000007 142500.00000000003 30500.000000000004 582500.00000000012 75500.000000000015 253500.00000000003 200500.00000000003 90500.000000000015 155500.00000000003 119500.00000000001 78500.000000000015 61500.000000000007 110500.00000000001 174500.00000000003 46500.000000000007 14500.000000000002 175500.00000000003 435500.00000000006 37.742414475000004 3.5000000000000004 42516.666666666679 58500.000000000007 214500.00000000003 66928.571428571435 72500.000000000015 147500.00000000003 172500.00000000003 83500.000000000015
decision_type=2 10 10 10 2 8 10 10 10 8 2 8 10 10 10 10 8 10 2 10 2 2 10 10 10 8 10 8 10 10
left_child=2 3 4 9 8 12 13 10 17 -2 27 -11 -3 -4 -8 -16 -6 22 28 -9 -17 -7 -1 29 25 -12 -18 -5 -13 -19
right_child=1 5 6 7 16 21 14 19 -10 11 24 18 -14 -15 15 20 26 23 -20 -21 -22 -23 -24 -25 -26 -27 -28 -29 -30 -31
leaf_value=-1335.5995637301621 655.97153143496951 13634.626141493056 -115.93517233251549 1678.1257378959658 -568.25506660263443 18756.996358816963 745.45028393757138 7177.4315767669677 12980.93775970459 1365.3659240167271 8014.7851309849666 2008.4409814605428 4771.7899902343752 335.3102531386769 1712.2297297126502 3307.3507729492189 -231.16280719453709 -912.56652709077957 3909.7821312957162 13528.575978643998 11561.402399553572 25739.977589699076 -3556.3159277617046 4497.7981791687007 5142.2006880491044 3494.5250398366152 542.67654553180103 2951.2098793565065 4278.6519514536121 -2386.9938029473137
leaf_weight=9082 3782 45 17564 700 15669 28 6834 160 20 4383 26 2384 28 9782 763 25 11305 12857 289 23 21 27 134 20 287 1379 930 563 97 223
leaf_count=9082 3782 45 17564 700 15669 28 6834 160 20 4383 26 2384 28 9782 763 25 11305 12857 289 23 21 27 134 20 287 1379 930 563 97 223
internal_value=0 1941.03 -323.418 1818.89 -707.298 15369.9 227.787 3441.34 -1097.87 1353.3 3160.53 1722 10235.2 45.4809 880.062 2017.19 -394.66 -1110.49 2286.31 7975.66 7075.5 22185 -1367.89 -929.405 3843.47 3578.17 -172.342 2245.62 2097.2 -937.704
internal_weight=0 14201 85229 14073 50240 128 34989 3138 22336 10935 2955 7153 73 27346 7643 809 27904 22316 2770 183 46 55 9216 13100 1692 1405 12235 1263 2481 13080
internal_count=99430 14201 85229 14073 50240 128 34989 3138 22336 10935 2955 7153 73 27346 7643 809 27904 22316 2770 183 46 55 9216 13100 1692 1405 12235 1263 2481 13080
is_linear=0
shrinkage=0.1


Tree=13
num_leaves=31
num_cat=0
split_feature=39 39 39 39 17 9 28 39 11 11 39 18 24 0 39 25 39 26 16 40 8 37 18 25 8 23 23 29 11 11
split_gain=5.64357e+12 2.19867e+12 1.38082e+12 8.4374e+11 6.29368e+11 3.68667e+11 3.44646e+11 3.42841e+11 2.56819e+11 2.06403e+11 1.32668e+11 1.14316e+11 1.08086e+11 2.14601e+11 9.65628e+10 8.13295e+10 6.86856e+10 5.86071e+10 7.21288e+10 5.97607e+10 5.15583e+10 5.13529e+10 4.51911e+10 4.42032e+10 4.39943e+10 4.34429e+10 5.20729e+10 4.21758e+10 4.87558e+10 3.96705e+10
threshold=77708.791208791212 252285.71428571432 35868.131868131873 117791.20879120879 590500.00000000012 575500.00000000012 883500.00000000012 52412.087912087918 161500.00000000003 300500.00000000006 19703.29670329671 103500.00000000001 292500.00000000006 634541.00000000012 171978.02197802201 71500.000000000015 65181.318681318684 55500.000000000007 188500.00000000003 108650.00000000001 -123499.99999999999 292500.00000000006 83500.000000000015 149500.00000000003 -237499.99999999997 164500.00000000003 133500.00000000003 199500.00000000003 61500.000000000007 230500.00000000003
decision_type=2 2 2 2 10 8 8 2 8 10 2 10 8 2 2 8 2 8 10 10 8 8 8 10 8 10 10 10 10 8
left_child=2 3 10 11 5 9 -6 -4 15 12 -1 22 21 -14 -10 25 -9 18 19 -17 -11 -3 -2 -13 -18 26 -5 -19 -29 -16
right_child=1 4 7 8 6 -7 -8 16 14 20 -12 23 13 -15 29 17 24 27 -20 -21 -22 -23 -24 -25 -26 -27 -28 28 -30 -31
leaf_value=-1197.4451538488054 504.74061777026054 4058.8397308349613 -317.92472577140654 -592.77164206112127 12899.034681919644 18814.544273158484 29624.620880681818 71.923038973625509 2665.65814048631 5400.9036347656256 -750.9989042968208 1428.8505803515218 5450.7638187531511 -7641.866345796132 3685.0375237789153 -1057.7280443274456 -1912.1962286301602 2037.7488972835599 9891.4328906250012 5369.2571721003615 10493.898063990013 10422.923149181548 965.06841748067131 3230.4148603105878 428.58657964883963 -3392.5234171549478 4521.3508075420677 -3841.4311564127602 1113.8241452640036 5182.862223259679
leaf_weight=11407 3255 32 26718 85 28 28 22 17629 1093 25 15982 2861 31 21 800 23 81 3185 20 39 97 21 6185 143 9191 36 26 24 115 227
leaf_count=11407 3255 32 26718 85 28 28 22 17629 1093 25 15982 2861 31 21 800 23 81 3185 20 39 97 21 6185 143 9191 36 26 24 115 227
internal_value=0 1579.84 -359.271 1438.09 9999.71 7988.22 20258.3 -64.1961 2448.82 6652.82 -936.935 977.32 3402.46 163.355 3319.86 1929.09 187.806 2028.49 4669.54 2985.05 9450.25 6580.46 806.343 1514.61 408.138 -373.886 605.131 1963.34 258.24 4016.1
internal_weight=0 18422 81008 18117 305 255 50 53619 5673 227 27389 12444 105 52 2120 3553 26901 3406 82 62 122 53 9440 3004 9272 147 111 3324 139 1027
internal_count=99430 18422 81008 18117 305 255 50 53619 5673 227 27389 12444 105 52 2120 3553 26901 3406 82 62 122 53 9440 3004 9272 147 111 3324 139 1027
is_linear=0
shrinkage=0.1


Tree=14
num_leaves=31
num_cat=0
split_feature=39 39 39 1 17 10 6 39 39 4 18 25 4 12 25 29 35 1 12 42 39 9 18 1 8 18 37 25 16 31
split_gain=4.57413e+12 1.70391e+12 1.28813e+12 6.03438e+11 5.09788e+11 3.40199e+11 3.21898e+11 2.64833e+11 2.17884e+11 2.16602e+11 2.00949e+11 1.33891e+11 1.63352e+11 1.19906e+11 6.30314e+10 8.5073e+10 7.62593e+10 6.26295e+10 6.03072e+10 5.93009e+10 5.75253e+10 5.59432e+10 5.564e+10 5.28464e+10 1.30576e+11 5.114e+10 4.79804e+10 5.14634e+10 4.39592e+10 4.29217e+10
threshold=83862.637362637368 252285.71428571432 44258.241758241762 155500.00000000003 590500.00000000012 546500.00000000012 3.5000000000000004 28939.560439560442 61923.076923076929 55.937786545000009 115500.00000000001 250500.00000000003 55.543903175000004 179500.00000000003 176500.00000000003 100500.00000000001 127500.00000000001 251500.00000000003 97500.000000000015 49833.333333333336 10005.494505494507 508000.00000000006 233500.00000000003 4500.0000000000009 193500.00000000003 91500.000000000015 90500.000000000015 103500.00000000001 28500.000000000004 167500.00000000003
decision_type=2 2 2 2 10 10 2 2 2 2 10 10 2 8 10 8 8 2 8 10 2 8 10 2 10 10 8 8 10 10
left_child=2 3 7 10 5 9 -6 20 -4 11 18 12 -3 -5 19 16 -16 -13 29 -12 -1 -11 26 28 -25 -10 -15 -28 -9 -2
right_child=1 4 8 13 6 -7 -8 23 25 21 14 17 -14 22 15 -17 -18 -19 -20 -21 -22 -23 -24 24 -26 -27 27 -29 -30 -31
leaf_value=-1357.9628005140953 668.53049862018452 -4981.9588797433034 -86.564812759834993 2239.6729911900184 10826.935449670862 18521.152305094402 26925.908581012227 -1589.0963129064892 317.97793058301988 8905.4163295200906 6262.0467564174105 11747.712246093752 4491.8982761089619 7457.2064488002234 3037.010434570313 2522.7980002874065 11665.07835984003 5381.7894545611216 1151.0878570927391 1639.6251442438222 -885.30430032868117 15226.765550595237 5591.1008739471436 -414.43612767012274 7293.9816406250002 935.6943178928791 -1761.7483886718751 3364.1240433167804 -406.91987027526966 -1921.7132863616944
leaf_weight=3050 4048 28 27267 1391 27 24 23 716 15183 42 28 20 52 28 20 237 21 68 4733 3156 16531 21 128 19502 22 1470 20 948 561 65
leaf_count=3050 4048 28 27267 1391 27 24 23 716 15183 42 28 20 52 28 20 237 21 68 4733 3156 16531 21 128 19502 22 1470 20 948 561 65
internal_value=0 1601.12 -287.321 1448.88 8999.74 7189.4 18232.5 -694.98 87.4992 6012.08 1160.46 4136.9 1176.05 2860.36 1806.36 3250.4 7456.26 6828.59 907.687 1680.27 -958.927 11012.5 3628.49 -446.514 -405.75 372.505 3376.26 3258.22 -1069.75 627.595
internal_weight=0 15128 84302 14823 305 255 50 40382 43920 231 12308 168 80 2515 3462 278 41 88 8846 3184 19581 63 1124 20801 19524 16653 996 968 1277 4113
internal_count=99430 15128 84302 14823 305 255 50 40382 43920 231 12308 168 80 2515 3462 278 41 88 8846 3184 19581 63 1124 20801 19524 16653 996 968 1277 4113
is_linear=0
shrinkage=0.1


Tree=15
num_leaves=31
num_cat=0
split_feature=39 39 39 39 17 7 9 39 10 18 39 10 18 18 16 14 26 18 32 7 18 29 36 41 8 39 32 16 26 39
split_gain=3.71928e+12 1.44134e+12 9.18041e+11 5.79737e+11 4.12928e+11 2.92123e+11 2.83378e+11 1.9271e+11 1.77719e+11 1.45043e+11 1.21867e+11 1.0299e+11 1.00816e+11 9.54581e+10 6.4528e+10 6.24044e+10 6.17867e+10 5.67683e+10 6.49984e+10 6.4038e+10 5.67156e+10 5.12577e+10 4.85248e+10 5.1254e+10 4.7995e+10 3.97635e+10 3.85409e+10 3.79118e+10 3.75792e+10 3.58678e+10
threshold=77708.791208791212 252285.71428571432 38120.87912087913 133060.43956043958 590500.00000000012 15500.000000000002 641500.00000000012 53873.626373626379 181500.00000000003 112500.00000000001 19703.29670329671 513500.00000000006 185500.00000000003 268000.00000000006 202500.00000000003 138500.00000000003 66500.000000000015 72500.000000000015 77500.000000000015 -149499.99999999997 89500.000000000015 88500.000000000015 112500.00000000001 123785.7142857143 57500.000000000007 158895.60439560443 72500.000000000015 162500.00000000003 492500.00000000006 115593.4065934066
decision_type=2 2 2 2 10 10 8 2 8 10 2 10 10 10 10 10 10 8 10 8 8 8 8 10 10 2 10 10 10 2
left_child=2 3 10 9 6 -6 8 -4 -3 14 -1 13 17 24 20 -12 29 18 -5 -19 -2 -14 23 -21 -10 -24 -9 -28 -15 -16
right_child=1 4 7 12 5 -7 -8 26 11 -11 15 -13 21 28 16 -17 -18 19 -20 22 -22 -23 25 -25 -26 -27 27 -29 -30 -31
leaf_value=-976.53226694818284 441.38860313846772 -3518.5457470703132 -215.97843628234159 -2588.4671464399858 24690.847558593752 9354.4949435763901 17897.460732421878 123.06285815296681 4369.5487110682898 1488.4891522530634 -572.27061792004235 12511.019759114584 7399.9584863281261 6435.9035267347708 3269.6759502269606 4881.8831787109375 925.34071770383605 6737.4949894205729 2568.1049660422586 8141.7956309000656 894.67954608918592 3185.1247554354636 1671.2804880444598 3024.0713925919445 -1236.2782621837798 2534.7676377402668 439.3769454070088 3843.5098397919628 10823.84993359375 8643.5981233016319
leaf_weight=11407 4680 20 25559 55 23 27 20 20320 56 3246 19865 24 30 89 27 21 57 30 44 24 6729 755 1476 106 21 835 3803 33 25 23
leaf_count=11407 4680 20 25559 55 23 27 20 20320 56 3246 19865 24 30 89 27 21 57 30 44 24 6729 755 1476 106 21 835 3803 33 25 23
internal_value=0 1282.53 -291.659 1167.76 8099.76 16409.2 6470.46 -24.5755 5497.95 898.08 -715.973 6336.69 2354.34 5560.86 731.663 -566.511 3175.97 2051.38 -296.657 2145.46 708.738 3346.2 2089.02 3968.88 2840.69 1983.27 177.944 468.662 7398.17 5741.68
internal_weight=0 18422 81008 18117 305 50 255 49715 235 14762 31293 215 3355 191 11516 19886 107 2570 99 2471 11409 785 2441 130 77 2311 24156 3836 114 50
internal_count=99430 18422 81008 18117 305 50 255 49715 235 14762 31293 215 3355 191 11516 19886 107 2570 99 2471 11409 785 2441 130 77 2311 24156 3836 114 50
is_linear=0
shrinkage=0.1


Tree=16
num_leaves=31
num_cat=0
split_feature=39 39 39 17 11 28 12 39 12 9 39 25 1 11 16 1 14 1 25 12 11 32 42 9 36 21 12 18 16 34
split_gain=3.03525e+12 1.03018e+12 1.02922e+12 3.34472e+11 2.98164e+11 2.84946e+11 2.38421e+11 2.23468e+11 1.85308e+11 1.35538e+11 1.11497e+11 1.0088e+11 7.59004e+10 6.13193e+10 6.03843e+10 6.03509e+10 9.45529e+10 5.55726e+10 6.24027e+10 7.15401e+10 5.58757e+10 5.31185e+10 1.08772e+11 5.12533e+10 5.69255e+10 5.06148e+10 5.88256e+10 4.51764e+10 4.46904e+10 4.89445e+10
threshold=93934.065934065948 252285.71428571432 46631.868131868141 590500.00000000012 136500.00000000003 883500.00000000012 546500.00000000012 29296.703296703301 68500.000000000015 508000.00000000006 154879.12087912092 270000.00000000006 171500.00000000003 80500.000000000015 99500.000000000015 1.0000000180025095e-35 200500.00000000003 4500.0000000000009 55500.000000000007 12500.000000000002 60500.000000000007 116500.00000000001 13500.000000000002 236500.00000000003 348500.00000000006 230500.00000000003 263500.00000000006 16500.000000000004 21500.000000000004 202500.00000000003
decision_type=2 2 2 10 8 8 8 2 10 10 2 10 2 10 10 2 8 2 10 10 8 10 10 10 8 10 10 10 8 8
left_child=2 4 7 6 21 -5 11 27 17 -8 15 23 13 -10 -14 16 -6 18 -4 -20 -19 22 -2 -3 -25 26 -24 -1 29 -17
right_child=1 3 8 5 10 -7 9 -9 12 -11 -12 -13 14 -15 -16 28 -18 20 19 -21 -22 -23 25 24 -26 -27 -28 -29 -30 -31
leaf_value=-905.73490230004302 8192.7255688476562 -2432.6789160156254 -108.49535060652562 8076.7182250976566 1689.4899531250003 23284.847283380685 7580.3318960336537 -330.89477175686557 269.98627888891133 18530.186259765625 2704.789377673429 6493.2328909497746 1368.2066347493756 698.66531340520623 6197.8297638721961 1481.6869035993304 -5271.7140304565437 -94.354162615753751 -3080.8716204299144 -320.72595778035594 193.65482998150657 1497.6846379428264 814.29155354508657 -408.10468750000001 5184.5454524113584 -2133.6688207165948 5883.0902709960938 -601.2985602709897 1796.7238117657439 -4904.7870198567716
leaf_weight=11602 20 20 613 28 50 22 26 25376 9300 20 1652 109 77 5204 39 28 32 15301 194 182 12034 1564 5055 28 52 58 23 8406 2294 21
leaf_count=11602 20 20 613 28 50 22 26 25376 9300 20 1652 109 77 5204 39 28 32 15301 194 182 12034 1564 5055 28 52 58 23 8406 2294 21
internal_value=0 1558.43 -195.88 7289.79 1396.53 14768.3 5823.41 -527.931 155.038 12341.1 2071.2 4388.89 444.172 423.795 2991.96 1639.57 -1027.08 5.7958 -730.606 -1744.84 32.4393 987.208 832.362 2095.16 3227.12 803.7 837.25 -777.831 1732.89 -1255.37
internal_weight=0 11102 88328 305 10797 50 255 45384 42944 46 4077 209 14620 14504 116 2425 82 28324 989 376 27335 6720 5156 100 80 5136 5078 20008 2343 49
internal_count=99430 11102 88328 305 10797 50 255 45384 42944 46 4077 209 14620 14504 116 2425 82 28324 989 376 27335 6720 5156 100 80 5136 5078 20008 2343 49
is_linear=0
shrinkage=0.1


Tree=17
num_leaves=31
num_cat=0
split_feature=39 39 1 17 1 6 10 11 2 39 32 1 1 10 27 15 32 29 16 14 1 42 34 11 19 32 39 39 37 1
split_gain=2.46937e+12 9.80358e+11 5.75489e+11 3.81523e+11 3.48917e+11 2.68343e+11 2.45939e+11 1.29379e+11 1.20472e+11 9.84165e+10 9.10453e+10 7.98912e+10 7.15581e+10 7.12063e+10 6.29036e+10 5.74491e+10 5.48872e+10 5.46362e+10 5.27107e+10 5.69902e+10 5.03087e+10 4.91909e+10 4.79489e+10 4.30983e+10 3.80628e+10 3.67385e+10 3.63826e+10 3.62424e+10 3.93336e+10 5.41083e+10
threshold=73714.285714285725 200807.69230769234 40500.000000000007 590500.00000000012 129500.00000000001 3.5000000000000004 546500.00000000012 23500.000000000004 724000.00000000012 57725.274725274743 101500.00000000001 497500.00000000006 373000.00000000006 143500.00000000003 1.0000000180025095e-35 89500.000000000015 77500.000000000015 255500.00000000003 45500.000000000007 151500.00000000003 251500.00000000003 109833.33333333336 45500.000000000007 116500.00000000001 297500.00000000006 51500.000000000007 36829.670329670334 96813.186813186825 74500.000000000015 85500.000000000015
decision_type=2 2 2 10 2 2 10 10 2 2 10 2 2 8 8 10 8 10 8 10 2 10 8 10 8 10 2 2 8 2
left_child=2 4 7 6 10 -5 8 -1 12 21 18 -10 23 16 -15 26 -6 20 19 24 -16 25 -18 -3 -2 -4 -9 -20 29 -29
right_child=1 3 9 5 13 -7 -8 15 11 -11 -12 -13 -14 14 17 -17 22 -19 27 -21 -22 -23 -24 -25 -26 -27 -28 28 -30 -31
leaf_value=-759.53389741069839 -382.3282645076286 -314.88880022321428 -191.43547370198075 6529.9853548968276 -593.24009034788457 21228.855823284648 14078.254585774741 -479.5330486979226 4974.740653533936 189.15032455995637 1105.9728160552156 11053.366308593751 -3017.363406808036 6657.5295777682595 1947.6165107559893 -1877.2129480573867 4251.0795222691131 -3233.1752343749999 448.0010894877239 -3687.5904922634945 5289.58110495443 4713.5473440987726 1282.7673504845723 3396.5469699432892 3719.866449483236 84.697499599836362 -200.98989253871838 7654.2023587036138 799.88747316867511 1023.7443494796753
leaf_weight=16354 393 35 21032 27 154 23 24 10693 160 15797 3214 25 21 29 2168 252 56 20 8933 51 46 21 1929 295 24 6250 8352 20 3000 32
leaf_count=16354 393 35 21032 27 154 23 24 10693 160 15797 3214 25 21 29 2168 252 56 20 8933 51 46 21 1929 295 24 6250 8352 20 3000 32
internal_value=0 972.518 -255.371 4921.87 852.477 13291.5 4174.58 -552.601 3731.13 -9.51089 631.458 5796.18 2642.72 1639.1 2030.12 -377.228 1225.41 1970.05 508.99 -532.148 2017.05 -124.453 1366.51 3002.91 -146.231 -128.177 -357.381 549.645 847.151 3573.92
internal_weight=0 20679 78751 610 20069 50 560 35651 536 43100 15667 185 351 4402 2263 19297 2139 2234 12453 468 2214 27303 1985 330 417 27282 19045 11985 3052 52
internal_count=99430 20679 78751 610 20069 50 560 35651 536 43100 15667 185 351 4402 2263 19297 2139 2234 12453 468 2214 27303 1985 330 417 27282 19045 11985 3052 52
is_linear=0
shrinkage=0.1


Tree=18
num_leaves=31
num_cat=0
split_feature=39 39 1 19 11 12 32 12 12 12 32 23 12 1 11 12 11 14 2 7 30 7 41 11 40 41 1 2 39 41
split_gain=2.00019e+12 7.9409e+11 4.66803e+11 3.63793e+11 2.89619e+11 2.5681e+11 1.20858e+11 1.14102e+11 1.06788e+11 8.62282e+10 8.24824e+10 7.4291e+10 6.98335e+10 7.02584e+10 6.45552e+10 5.84914e+10 6.21198e+10 5.32107e+10 4.95435e+10 4.92617e+10 4.49711e+10 4.80978e+10 8.02025e+10 4.03983e+10 4.68462e+10 4.52943e+10 3.96195e+10 5.92544e+10 3.75344e+10 4.42976e+10
threshold=73714.285714285725 200807.69230769234 38500.000000000007 1.0000000180025095e-35 119500.00000000001 343500.00000000006 607000.00000000012 20500.000000000004 60500.000000000007 158500.00000000003 181500.00000000003 55500.000000000007 97500.000000000015 161500.00000000003 655500.00000000012 5500.0000000000009 210500.00000000003 71500.000000000015 433500.00000000006 27500.000000000004 195500.00000000003 -166499.99999999997 95928.571428571435 35500.000000000007 67383.333333333358 64071.42857142858 159500.00000000003 331000.00000000006 52412.087912087918 74214.285714285725
decision_type=2 2 2 8 10 8 10 10 10 10 10 10 8 2 10 8 10 8 2 10 10 10 8 10 10 10 2 2 2 10
left_child=2 4 7 -3 12 9 14 11 28 -5 15 -1 20 -14 19 -6 -17 -15 -13 -7 21 22 -2 24 25 -9 -10 -28 29 -4
right_child=1 3 8 5 10 6 -8 23 26 -11 -12 18 13 17 -16 16 -18 -19 -20 -21 -22 -23 -24 -25 -26 -27 27 -29 -30 -31
leaf_value=-680.80952805835909 8348.4021734619146 17054.913991477275 -208.51982367169867 -3764.7493443080357 -29.597765128995167 6130.591195404646 12316.446570542281 -464.87060544213676 197.1598725257677 2822.9540522712359 2566.2135696803107 -1329.4105178470663 708.26929454602976 5649.9861739309217 10805.950501598012 1282.4133067650575 3116.8098491727997 1711.1424463207074 -3585.3287533359676 1957.5973319811701 -2420.2022044214709 356.6799263916235 -225.91716893514001 -159.50730143981414 4366.1748066711434 -3679.937563740124 -1315.7299926757814 5237.7833919628247 21.127316590975425 4499.9850759887695
leaf_weight=14439 20 22 20889 21 324 103 34 10659 13698 369 545 379 5791 38 22 4244 193 352 131 39 58 8480 24 6948 20 44 22 37 11465 20
leaf_count=14439 20 22 20889 21 324 103 34 10659 13698 369 545 379 5791 38 22 4244 193 352 131 39 58 8480 24 6948 20 44 22 37 11465 20
internal_value=0 875.267 -229.834 4429.68 767.23 3957.31 6890.34 -519.364 -25.1024 2468.23 1400.89 -722.706 539.486 795.763 5765.42 1267.49 1362.21 2094.93 -1908.87 4984.49 354.908 373.791 3671.5 -347.343 -469.052 -478.088 208.297 2794.1 -124.283 -204.016
internal_weight=0 20679 78751 610 20069 588 198 32620 46131 390 5306 14949 14763 6181 164 4761 4437 390 510 142 8582 8524 44 17671 10723 10703 13757 59 32374 20909
internal_count=99430 20679 78751 610 20069 588 198 32620 46131 390 5306 14949 14763 6181 164 4761 4437 390 510 142 8582 8524 44 17671 10723 10703 13757 59 32374 20909
is_linear=0
shrinkage=0.1


Tree=19
num_leaves=31
num_cat=0
split_feature=12 42 12 23 18 18 32 8 42 14 24 42 9 18 37 18 41 9 32 2 9 32 42 36 9 13 18 12 29 32
split_gain=1.48965e+12 4.59135e+11 4.07554e+11 3.77538e+11 2.28209e+11 1.85727e+11 9.43695e+10 9.87048e+10 8.37966e+10 6.82289e+10 6.31597e+10 5.98084e+10 5.82174e+10 5.67696e+10 5.49177e+10 5.40508e+10 5.21573e+10 4.96547e+10 4.94013e+10 4.01607e+10 4.82636e+10 3.65878e+10 3.48992e+10 1.20338e+11 3.43903e+10 3.51405e+10 3.43761e+10 3.41354e+10 3.39159e+10 3.35566e+10
threshold=83500.000000000015 189166.66666666669 41500.000000000007 282500.00000000006 508000.00000000006 121500.00000000001 10500.000000000002 357500.00000000006 68166.666666666672 788000.00000000012 59500.000000000007 189166.66666666669 132500.00000000003 31500.000000000004 641500.00000000012 255500.00000000003 47928.571428571435 254500.00000000003 174500.00000000003 628500.00000000012 275000.00000000006 52500.000000000007 51166.666666666679 106500.00000000001 286500.00000000006 106500.00000000001 19500.000000000004 155500.00000000003 82500.000000000015 90500.000000000015
decision_type=10 10 8 10 10 10 8 10 10 10 8 10 10 10 8 8 10 10 10 2 10 10 10 10 10 10 10 10 10 10
left_child=2 5 3 6 15 10 16 13 12 14 -2 -10 21 17 -6 24 -1 28 22 20 -17 -4 23 -7 25 -3 -18 29 -8 -12
right_child=1 4 8 -5 9 18 7 -9 11 -11 27 -13 -14 -15 -16 19 26 -19 -20 -21 -22 -23 -24 -25 -26 -27 -28 -29 -30 -31
leaf_value=-779.50042300264784 -167.9242677624311 6110.98451871005 -116.02191411137504 12974.495321800596 9525.2703702059662 287.38194068702495 -487.87155064466333 6478.6014567057291 270.39515153972962 12306.970120675223 443.46089658867072 4298.8386595030088 1509.2216852387626 -218.20473779656265 2459.4928694291552 3359.8387717998139 -3419.8500124492343 4253.310655489835 2285.3130581441324 4886.5698613378736 -1577.8685145060222 103.03860625690496 1169.5808382105097 9915.0748461914063 -1526.7777324969952 2031.1715267611737 -1154.4171193796437 1325.3278835426145 -2013.1188071114677 837.38336784237367
leaf_weight=4230 1120 22 27989 21 22 37 17690 21 9357 28 6443 37 239 12729 22 113 126 22 493 144 24 10479 3260 20 26 523 143 648 147 3255
leaf_count=4230 1120 22 27989 21 22 37 17690 21 9357 28 6443 37 239 12729 22 113 126 22 493 144 24 10479 3260 20 26 523 143 648 147 3255
internal_value=0 877.335 -170.766 -429.704 3041.96 746.404 -437.722 -374.866 18.3417 8448.05 545.407 286.262 -46.6813 -379.571 5992.38 2585.1 -865.363 -494.586 1351.29 3720.49 2494.84 -56.348 1212.47 3665.52 2026.35 2195.86 -2215.55 622.628 -500.442 575.676
internal_weight=0 16200 83230 35129 924 15276 35108 30609 48101 72 11466 9394 38707 30588 44 852 4499 17859 3810 281 137 38468 3317 57 571 545 269 10346 17837 9698
internal_count=99430 16200 83230 35129 924 15276 35108 30609 48101 72 11466 9394 38707 30588 44 852 4499 17859 3810 281 137 38468 3317 57 571 545 269 10346 17837 9698
is_linear=0
shrinkage=0.1


Tree=20
num_leaves=31
num_cat=0
split_feature=39 39 39 19 4 11 15 11 39 23 4 32 34 8 22 15 13 24 38 32 42 35 32 32 26 24 16 16 32 13
split_gain=1.34376e+12 4.75127e+11 4.66216e+11 2.34542e+11 1.74428e+11 1.61822e+11 1.26403e+11 1.19197e+11 9.28048e+10 6.99688e+10 1.40393e+11 5.57022e+10 4.97925e+10 6.44239e+10 6.38994e+10 4.05622e+10 4.0546e+10 3.71429e+10 3.94284e+10 3.7111e+10 7.76092e+10 4.72693e+10 7.16695e+10 4.28787e+10 3.98442e+10 3.46283e+10 3.42297e+10 4.91362e+10 3.36798e+10 3.24709e+10
threshold=92538.461538461546 252285.71428571432 45076.923076923085 156500.00000000003 55.937786545000009 136500.00000000003 953500.00000000012 66500.000000000015 27620.879120879123 76500.000000000015 55.543903175000004 215500.00000000003 881500.00000000012 -14499.999999999998 511000.00000000006 198500.00000000003 356500.00000000006 75500.000000000015 113500.00000000001 119500.00000000001 13500.000000000002 54500.000000000007 51500.000000000007 71500.000000000015 14500.000000000002 60500.000000000007 8500.0000000000018 11500.000000000002 88500.000000000015 120500.00000000001
decision_type=2 2 2 8 2 8 8 8 2 10 2 10 8 10 10 10 10 8 8 10 10 8 10 8 10 8 8 8 10 10
left_child=2 5 8 -3 9 15 12 29 -1 10 -5 25 13 -6 -14 19 -11 -17 -19 20 -2 22 -22 -23 -21 -7 -10 -28 -9 -4
right_child=1 3 7 4 6 11 -8 28 26 16 -12 -13 14 -15 -16 17 -18 18 -20 24 21 23 -24 -25 -26 -27 27 -29 -30 -31
leaf_value=-546.40989206591871 6342.3938126273788 15380.285209960939 -34.556572960759524 -7304.0357886904767 6691.8000210466053 -645.85378078113899 13541.527307128907 231.63776098796916 -701.34313636403954 2415.4459932875357 3356.7071435546877 2824.6651158592254 4227.2284002130682 -163.38584923377405 11939.131776064918 -4472.8582661132814 6984.7865449218752 3146.1619475188081 -1100.2107898878016 4800.4019994275322 6876.5153278219295 -844.33273160222279 912.23632912491303 542.20785945673117 1052.4617422954457 1360.9404960499533 4405.2143841287361 -219.215939767664 644.34942342922932 -1043.2015055571546
leaf_weight=17873 23 20 26896 21 29 88 24 16529 1543 87 30 261 22 26 21 25 25 27 115 29 29 233 66 5216 1295 3756 23 22529 2246 323
leaf_count=17873 23 20 26896 21 29 88 24 16529 1543 87 30 261 22 26 21 25 25 27 115 29 29 233 66 5216 1295 3756 23 22529 2246 323
internal_value=0 1018.14 -132.739 4912.19 4177.58 911.742 7037.14 87.1758 -373.75 2037.3 -1033.01 1410.99 5444.23 3451.17 7993.51 621.377 3435.39 -918.559 -292.802 658.697 545.523 521.474 2732.91 482.919 1134.55 1315 -245.676 -214.5 281.009 -46.5259
internal_weight=0 11468 87962 305 285 11163 122 45994 41968 163 51 4105 98 55 43 7058 112 167 142 6891 5567 5544 95 5449 1324 3844 24095 22552 18775 27219
internal_count=99430 11468 87962 305 285 11163 122 45994 41968 163 51 4105 98 55 43 7058 112 167 142 6891 5567 5544 95 5449 1324 3844 24095 22552 18775 27219
is_linear=0
shrinkage=0.1


Tree=21
num_leaves=31
num_cat=0
split_feature=12 12 23 42 22 42 42 42 28 15 8 23 38 13 42 3 21 16 16 21 42 8 15 12 4 41 6 40 8 22
split_gain=1.00882e+12 3.04338e+11 2.92675e+11 2.91253e+11 1.12811e+11 1.08805e+11 7.63127e+10 5.67743e+10 5.71308e+10 5.38839e+10 6.11446e+10 5.18645e+10 6.05386e+10 5.14713e+10 4.75059e+10 4.5962e+10 4.02919e+10 3.68674e+10 3.45223e+10 6.74708e+10 3.57172e+10 8.24016e+10 3.22349e+10 3.06292e+10 4.69133e+10 3.46904e+10 2.96291e+10 3.04066e+10 2.89604e+10 2.63714e+10
threshold=89500.000000000015 41500.000000000007 282500.00000000006 220833.33333333334 709000.00000000012 133833.33333333334 69500.000000000015 12833.333333333334 266500.00000000006 200500.00000000003 357500.00000000006 43500.000000000007 74500.000000000015 2500.0000000000005 189166.66666666669 37.808468310000002 132500.00000000003 194500.00000000003 200500.00000000003 43500.000000000007 7166.666666666667 109500.00000000001 148500.00000000003 396000.00000000006 55.543903175000004 196642.85714285716 1.0000000180025095e-35 108650.00000000001 70500.000000000015 193500.00000000003
decision_type=10 8 10 10 10 10 10 10 10 10 10 10 10 8 10 2 8 10 10 10 10 10 10 10 2 10 2 8 10 10
left_child=1 2 7 5 23 18 -3 11 9 10 17 12 -1 22 -8 -14 -11 29 20 -20 21 -2 -7 24 -5 -26 -15 -28 -22 -9
right_child=3 6 -4 4 -6 13 14 8 -10 16 -12 -13 15 26 -16 -17 -18 -19 19 -21 28 -23 -24 -25 25 -27 27 -29 -30 -31
leaf_value=-604.55023417886343 -779.072160061923 -32.958498791885937 11448.381942894346 -895.85759715544873 8747.812018694196 -4391.5576012244592 257.3577809181424 -303.68721326835151 4912.510229492188 -1132.4879817962646 5095.0482689267119 -2135.0161468780793 6688.5179248046879 1989.217948241823 3668.0164467416162 -91.008129882812511 -6358.2861855468755 2657.7035223098028 6162.1382825851442 866.8225275649238 589.60309425261357 8089.7541015625002 747.8242046190345 4351.875171140161 6145.9264735630586 2432.6749161689513 4936.3686446053644 1115.089551815717 96.241838002775452 -2905.8175706129809
leaf_weight=5985 22 40164 21 39 35 26 10376 28677 21 36 21 222 20 502 41 20 25 42 32 97 8672 20 23 101 28 248 21 2475 1379 39
leaf_count=5985 22 40164 21 39 35 26 10376 28677 21 36 21 222 20 502 41 20 25 42 32 97 8672 20 23 101 28 248 21 2475 1379 39
internal_value=0 -127.441 -353.553 796.134 3295.26 711.191 29.5959 -360.612 -301.449 -305.245 -298.952 -633.945 -578.636 1235.68 270.782 3298.75 -3274.21 -302.891 554.85 2180.39 534.074 3444.18 -1979.19 2836.52 2350.64 2809.38 1288.22 1147.24 521.914 -307.221
internal_weight=0 85710 35129 13720 451 13269 50581 35108 28861 28840 28779 6247 6025 3047 10417 40 61 28758 10222 129 10093 42 49 416 315 276 2998 2496 10051 28716
internal_count=99430 85710 35129 13720 451 13269 50581 35108 28861 28840 28779 6247 6025 3047 10417 40 61 28758 10222 129 10093 42 49 416 315 276 2998 2496 10051 28716
is_linear=0
shrinkage=0.1


Tree=22
num_leaves=31
num_cat=0
split_feature=1 1 39 23 9 19 11 18 22 8 11 18 8 8 5 24 21 13 28 39 29 18 13 14 11 27 5 19 27 41
split_gain=9.20431e+11 3.04013e+11 2.48902e+11 2.81918e+11 2.03864e+11 9.79497e+10 8.5447e+10 7.92384e+10 7.66261e+10 6.81396e+10 6.89659e+10 6.08931e+10 5.8774e+10 5.3963e+10 5.31054e+10 4.75315e+10 4.49688e+10 4.48119e+10 5.13522e+10 4.35441e+10 3.756e+10 3.73917e+10 4.94061e+10 3.56286e+10 3.55516e+10 3.52776e+10 3.47301e+10 4.11859e+10 3.39978e+10 3.22005e+10
threshold=80500.000000000015 175500.00000000003 46351.648351648357 286500.00000000006 452500.00000000006 29500.000000000004 119500.00000000001 23500.000000000004 709000.00000000012 -335499.99999999994 324500.00000000006 66500.000000000015 193500.00000000003 299500.00000000006 19.500000000000004 206500.00000000003 7500.0000000000009 1.0000000180025095e-35 121500.00000000001 49543.956043956052 151500.00000000003 217500.00000000003 65500.000000000007 243500.00000000003 80500.000000000015 114500.00000000001 29.500000000000004 181500.00000000003 19500.000000000004 16071.428571428574
decision_type=2 2 2 10 10 10 8 10 10 8 10 10 10 10 2 10 8 10 8 2 10 8 8 10 10 8 2 10 8 10
left_child=2 6 7 11 9 -6 16 12 14 -3 19 13 -1 -4 -7 23 17 18 -2 -11 -12 28 -23 29 -18 -17 -8 -28 -21 -13
right_child=1 4 3 -5 5 8 26 -9 -10 10 20 15 -14 -15 -16 25 24 -19 -20 21 -22 22 -24 -25 -26 -27 27 -29 -30 -31
leaf_value=-456.32682138376668 1462.9673112937874 -3648.4252871093749 -37.772424302623037 11628.905037434895 11061.053484768338 -335.98431667751743 787.93152168559175 -180.789778963206 8058.5010584214151 -2219.6113986107612 8480.7015673828118 -3672.8467378162204 3767.2654381954308 -4781.7353444417322 5595.0059945913463 636.45881042480471 75.032548068501654 575.39139791096727 5146.6928771972662 4205.3968842377535 3173.1561288452149 7079.345576171876 2026.1481744958896 -3884.1957310267858 440.6224625883608 6504.8167829241074 1628.9482680760075 6215.3070946433327 1123.9327912779922 246.95458976541536
leaf_weight=20664 139 25 26173 21 27 36 4699 23326 34 31 20 21 33 24 26 20 4252 365 52 37 40 20 594 21 7104 21 178 22 1108 10297
leaf_count=20664 139 25 26173 21 27 36 4699 23326 34 31 20 21 33 24 26 20 4252 365 52 37 40 20 594 21 7104 21 178 22 1108 10297
internal_value=0 629.91 -146.959 45.7498 1796.08 5739.94 491.309 -307.165 4243.37 1537.36 1607.44 39.0996 -449.593 -42.1185 2151.21 244.077 346.728 1224.82 2465.87 1495.66 4942.34 1561.13 2190.75 230.602 303.736 3642.2 842.862 2133.45 1223.51 238.977
internal_weight=0 18809 80621 36598 1998 123 16811 44023 96 1875 1850 36577 20697 26197 62 10380 11912 556 191 1790 60 1759 614 10339 11356 41 4899 200 1145 10318
internal_count=99430 18809 80621 36598 1998 123 16811 44023 96 1875 1850 36577 20697 26197 62 10380 11912 556 191 1790 60 1759 614 10339 11356 41 4899 200 1145 10318
is_linear=0
shrinkage=0.1


Tree=23
num_leaves=31
num_cat=0
split_feature=39 39 16 1 12 12 1 42 12 32 18 14 5 18 7 16 32 13 6 29 22 22 42 20 35 32 9 2 18 24
split_gain=7.49929e+11 3.27347e+11 2.5399e+11 1.67585e+11 1.63928e+11 1.16186e+11 8.60917e+10 5.40967e+10 5.28166e+10 5.20937e+10 5.06032e+10 4.84783e+10 7.36888e+10 4.80066e+10 6.7099e+10 7.98987e+10 5.49159e+10 5.76016e+10 4.52551e+10 4.15063e+10 6.49436e+10 4.0991e+10 4.07006e+10 3.56956e+10 3.56256e+10 3.48137e+10 3.34899e+10 5.64676e+10 6.44744e+10 3.84725e+10
threshold=67950.549450549457 200807.69230769234 1.0000000180025095e-35 35500.000000000007 103500.00000000001 343500.00000000006 155500.00000000003 127500.00000000001 176500.00000000003 607000.00000000012 16500.000000000004 1.0000000180025095e-35 14.500000000000002 17500.000000000004 -166499.99999999997 125500.00000000001 64500.000000000007 118500.00000000001 1.5000000000000002 161500.00000000003 11500.000000000002 194500.00000000003 26833.333333333339 65500.000000000007 89500.000000000015 174500.00000000003 251500.00000000003 724000.00000000012 853000.00000000012 525500.00000000012
decision_type=2 2 8 2 8 8 2 10 10 10 10 8 2 8 10 8 10 10 2 10 10 10 8 10 10 8 10 2 8 8
left_child=3 4 -3 10 13 8 22 18 -4 26 24 12 -8 16 15 23 17 -2 -5 20 -18 -16 -6 -15 -1 -10 -7 -28 29 -29
right_child=1 2 5 7 6 9 11 -9 25 -11 -12 -13 -14 14 21 -17 19 -19 -20 -21 -22 -23 -24 -25 -26 -27 27 28 -30 -31
leaf_value=-475.52943706881609 -760.60086675094351 13309.676775568183 -2291.7613425360787 121.50626392907417 5087.8458712768552 6200.0936523437504 8902.7523670014889 5160.2559375000001 -2322.2418066406253 7889.7363944109748 -223.53777903833929 1235.0663770842955 1368.6229072122014 -2072.9253564453124 239.73268615214661 8677.4953906249993 4545.514670872044 -3980.1708286991825 -103.00328170298063 -4034.5068963623048 -45.986569139231811 -1752.8372981878429 570.80838761161988 3418.5783152613149 -2579.0081464602627 1973.739014719768 -2061.4709716796874 3666.2737910344049 7488.6102252960209 -1174.0532206217447
leaf_weight=13495 177 22 36 12351 20 38 21 20 20 34 15471 1961 34 20 14185 20 37 81 32880 20 184 104 7629 29 81 332 20 52 32 24
leaf_count=13495 177 22 36 12351 20 38 21 20 20 34 15471 1961 34 20 14185 20 37 81 32880 20 184 104 7629 29 81 332 20 52 32 24
internal_value=0 472.2 2760.45 -159.726 415.279 2365.75 735.842 -39.3984 1356.53 4323.65 -347.179 1317.19 4245.29 206.741 240.252 3351.16 -757.491 -1771.4 -41.6976 327.935 722.726 225.23 582.619 1177.15 -488.08 1729.65 3593.24 2819.34 3723.19 2137.75
internal_weight=0 25132 610 74298 24522 588 9665 45251 388 200 29047 2016 55 14857 14358 69 499 258 45231 241 221 14289 7649 49 13576 352 166 128 108 76
internal_count=99430 25132 610 74298 24522 588 9665 45251 388 200 29047 2016 55 14857 14358 69 499 258 45231 241 221 14289 7649 49 13576 352 166 128 108 76
is_linear=0
shrinkage=0.1


Tree=24
num_leaves=31
num_cat=0
split_feature=1 39 10 22 1 12 8 1 10 41 15 18 1 14 27 21 25 25 16 15 18 7 16 5 8 18 25 33 10 7
split_gain=6.24111e+11 2.1287e+11 1.97151e+11 1.60688e+11 2.17545e+11 1.01416e+11 9.67742e+10 6.77184e+10 6.41943e+10 5.58756e+10 4.99635e+10 4.81315e+10 4.21799e+10 4.32338e+10 9.40618e+10 4.11589e+10 3.99073e+10 3.95972e+10 3.8365e+10 3.28866e+10 3.76375e+10 4.22788e+10 6.78964e+10 3.42768e+10 3.2693e+10 6.72924e+10 3.20654e+10 3.60931e+10 3.38587e+10 4.22547e+10
threshold=90500.000000000015 49181.318681318684 243500.00000000003 240500.00000000003 47500.000000000007 142500.00000000003 -153499.99999999997 515000.00000000006 18500.000000000004 77071.428571428594 175500.00000000003 66500.000000000015 155500.00000000003 93500.000000000015 32500.000000000004 264500.00000000006 219500.00000000003 95500.000000000015 156500.00000000003 70500.000000000015 203500.00000000003 -166499.99999999997 532500.00000000012 14.500000000000002 119500.00000000001 124500.00000000001 151500.00000000003 87500.000000000015 263500.00000000006 -149499.99999999997
decision_type=2 2 10 10 2 8 10 2 10 10 10 10 2 8 10 10 10 10 10 8 8 10 10 2 10 10 10 10 10 8
left_child=1 8 5 10 -5 15 7 -4 -1 -10 11 26 -7 14 -14 16 -2 -13 -12 -8 23 -22 -23 -21 -19 -26 28 -28 29 -3
right_child=2 3 6 4 -6 12 19 -9 9 -11 18 17 13 -15 -16 -17 -18 24 -20 20 21 22 -24 -25 25 -27 27 -29 -30 -31
leaf_value=-416.49979348923426 373.42508720467293 4601.7498751831054 3575.2928516284842 13812.043989257812 -598.26516231190078 667.0898849911265 6036.5850054931643 10234.706944861779 -167.83753800881257 4873.398802046343 -976.56937001546237 168.92810359875716 7718.5237837357963 1217.2936251826839 1071.6791345214845 -2864.4918015700123 2752.8124073512117 593.33285711433393 -5071.3156684027781 -2597.1058749291205 6376.2070571289069 2609.2694627258998 -2992.1921834309896 1521.9726285737138 742.47311425781254 7379.1852339311081 -55.800209232252477 -4076.8855051924543 -4009.9016903831844 3.2887455382852107
leaf_weight=14265 9796 20 37 20 22 2020 20 26 34819 22 150 11210 33 1741 60 39 71 1645 27 31 25 220 24 58 50 22 49 41 21 22846
leaf_count=14265 9796 20 37 20 22 2020 20 26 34819 22 150 11210 33 1741 60 39 71 1645 27 31 25 220 24 58 50 22 49 41 21 22846
internal_value=0 -102.268 613.771 81.9956 6263.79 547.067 2695.05 6323.62 -237.814 -164.654 74.7997 83.062 982.315 1329.51 3430.24 377.731 390.546 237.424 -1601.19 2090.28 1869.82 2459.6 2058.31 87.2374 684.623 2770.36 -3.78312 -1887.63 3.62484 7.31084
internal_weight=0 85229 14201 36123 42 13760 441 63 49106 34841 36081 35904 3854 1834 93 9906 9867 12927 177 378 358 269 244 89 1717 72 22977 90 22887 22866
internal_count=99430 85229 14201 36123 42 13760 441 63 49106 34841 36081 35904 3854 1834 93 9906 9867 12927 177 378 358 269 244 89 1717 72 22977 90 22887 22866
is_linear=0
shrinkage=0.1


Tree=25
num_leaves=31
num_cat=0
split_feature=39 1 20 26 1 10 8 12 23 25 9 8 29 25 25 36 34 25 10 29 39 32 11 25 14 12 7 8 12 10
split_gain=5.0867e+11 2.154e+11 2.07057e+11 2.40869e+11 9.85599e+10 1.30526e+11 8.47437e+10 7.09643e+10 7.25721e+10 5.79588e+10 5.1888e+10 5.03116e+10 7.556e+10 4.54116e+10 4.26558e+10 5.46464e+10 4.2107e+10 3.9765e+10 3.5829e+10 3.46266e+10 3.30762e+10 3.29571e+10 3.19984e+10 4.25009e+10 2.91096e+10 2.83141e+10 2.73682e+10 5.5519e+10 2.80259e+10 3.92375e+10
threshold=94730.769230769234 48500.000000000007 449500.00000000006 967000.00000000012 175500.00000000003 546500.00000000012 357500.00000000006 20500.000000000004 55500.000000000007 77500.000000000015 452500.00000000006 -191499.99999999997 634000.00000000012 243500.00000000003 59500.000000000007 199500.00000000003 45500.000000000007 85500.000000000015 112500.00000000001 46500.000000000007 200807.69230769234 85500.000000000015 37500.000000000007 149500.00000000003 176500.00000000003 173500.00000000003 -166499.99999999997 315500.00000000006 8500.0000000000018 18500.000000000004
decision_type=2 2 10 8 2 10 10 10 10 10 8 10 8 10 8 8 8 8 8 10 2 8 10 10 10 10 8 8 8 8
left_child=1 7 4 11 13 10 9 8 -1 -3 14 -4 -13 17 15 -6 -16 21 -18 -10 26 -2 23 -9 -15 -11 27 -19 -28 -30
right_child=2 6 3 -5 5 -7 -8 22 19 25 -12 12 -14 24 16 -17 18 20 -20 -21 -22 -23 -24 -25 -26 -27 28 -29 29 -31
leaf_value=-349.29771776431164 -1603.7477492806138 32.717559120173718 6518.5586914062505 14023.717244819974 1259.279455078125 9339.0449450683591 6438.7845133463543 -246.80065840316249 -747.17861440336924 335.3757882031116 4049.9105419528105 3344.6880880991616 -3971.1598632812502 1744.2161666457716 5261.1578310546874 -5660.3044639950713 -388.88571176931896 6854.6392602539072 1279.3994214987376 -2227.1563208750204 -2986.0802445023151 89.700989563400697 -36.182951912357247 4366.1489233398443 6044.0455145263677 2593.4282981600081 -799.3335613937852 -596.4693481445313 2124.5868795997221 502.41164644281343
leaf_weight=15974 151 34685 24 23 25 20 21 14727 338 6629 62 48 20 74 25 21 142 20 1378 297 27 481 15947 20 20 56 161 20 152 7842
leaf_count=15974 151 34685 24 23 25 20 21 14727 338 6629 62 48 20 74 25 21 142 20 1378 297 27 481 15947 20 20 56 161 20 152 7842
internal_value=0 -78.6925 650.107 4870.55 604.41 1308.91 87.9046 -224.468 -390.974 84.6808 1211.75 2582.25 1192.97 472.69 1101.15 -1899.66 1190.5 449.478 1123.55 -1439.39 508.234 -314.905 -134.369 -240.545 2659.07 354.291 519.746 3129.08 506.947 533.256
internal_weight=0 88694 10736 115 10621 1673 41391 47303 16609 41370 1653 92 68 8948 1591 46 1545 8854 1520 635 8222 632 30694 14747 94 6685 8195 40 8155 7994
internal_count=99430 88694 10736 115 10621 1673 41391 47303 16609 41370 1653 92 68 8948 1591 46 1545 8854 1520 635 8222 632 30694 14747 94 6685 8195 40 8155 7994
is_linear=0
shrinkage=0.1


Tree=26
num_leaves=31
num_cat=0
split_feature=39 17 14 12 11 32 15 7 12 41 10 18 25 15 39 25 10 12 15 12 11 12 10 41 41 18 13 11 20 7
split_gain=4.12022e+11 1.79497e+11 1.72773e+11 1.71863e+11 8.58041e+10 6.33247e+10 5.71205e+10 5.57346e+10 6.13955e+10 5.55368e+10 5.18956e+10 4.26102e+10 3.91687e+10 5.09619e+10 3.90991e+10 3.76724e+10 3.68326e+10 3.65776e+10 7.63457e+10 3.54075e+10 9.11308e+10 3.42138e+10 5.43283e+10 3.24876e+10 4.21976e+10 6.02324e+10 3.2319e+10 3.37753e+10 3.17677e+10 2.7e+10
threshold=94730.769230769234 442500.00000000006 260500.00000000003 55500.000000000007 136500.00000000003 10500.000000000002 198500.00000000003 -149499.99999999997 788000.00000000012 85214.285714285725 289500.00000000006 508000.00000000006 210500.00000000003 78500.000000000015 34593.406593406602 79500.000000000015 82500.000000000015 1.0000000180025095e-35 204500.00000000003 306000.00000000006 75500.000000000015 180500.00000000003 69500.000000000015 40785.714285714297 78214.285714285725 123500.00000000001 1.0000000180025095e-35 250500.00000000003 200500.00000000003 -47499.999999999993
decision_type=2 10 10 10 8 8 10 10 10 10 10 8 10 10 2 10 10 8 8 8 10 10 10 8 8 8 8 10 8 10
left_child=3 4 -3 5 6 9 19 -4 11 -1 14 -9 17 -14 -7 -5 -8 18 -6 23 -21 -17 -23 -2 25 -25 -19 -28 -18 -29
right_child=1 2 7 15 12 10 16 8 -10 -11 -12 -13 13 -15 -16 21 28 26 -20 20 -22 22 -24 24 -26 -27 27 29 -30 -31
leaf_value=-478.12905200602137 -3698.5123364257815 12862.162446289063 7342.0378598167781 71.61749284333716 239.25751758393787 -246.28633568862861 -4629.3660553716845 994.180221718236 -3102.7820777529764 -3896.3062244892121 4955.7752215576174 6247.9157865084135 6703.9209027099614 1541.0570518229965 -72.294736200891847 333.05716915763685 47.945913533331122 -1631.6055053710938 -6239.4458584872164 8221.841309204101 827.35246659469612 6997.6240747070324 429.28695795395799 594.97609476229036 311.34900196569282 6988.6327551800277 827.90516227365538 5401.9708378544565 -3559.2231918334965 1686.7570460359818
leaf_weight=4882 20 20 21 23342 105 20957 31 38 21 48 20 26 20 434 33659 5732 103 52 22 20 100 20 34 41 6030 23 3479 27 32 71
leaf_count=4882 20 20 21 23342 105 20957 31 38 21 48 20 26 20 434 33659 5732 103 52 22 20 100 20 34 41 6030 23 3479 27 32 71
internal_value=0 585.097 4337.24 -70.8232 540.538 -168.165 309.891 2728.76 1589.01 -511.409 -137.193 3128.51 891.165 1768.5 -139.058 128.238 -1520.89 785.119 -883.038 358.641 2059.77 356.66 2862 325.253 338.459 2892.7 843.497 879.479 -807.087 2710.34
internal_weight=0 10736 126 88694 10610 59566 6400 106 85 4930 54636 64 4210 454 54616 29128 166 3756 127 6234 120 5786 54 6114 6094 64 3629 3577 135 98
internal_count=99430 10736 126 88694 10610 59566 6400 106 85 4930 54636 64 4210 454 54616 29128 166 3756 127 6234 120 5786 54 6114 6094 64 3629 3577 135 98
is_linear=0
shrinkage=0.1


Tree=27
num_leaves=31
num_cat=0
split_feature=1 22 32 18 11 32 39 11 1 16 15 39 13 32 13 16 25 30 14 11 25 22 18 39 13 15 39 27 35 21
split_gain=3.49884e+11 1.35796e+11 2.15713e+11 1.34799e+11 1.01339e+11 7.85495e+10 6.8777e+10 5.37913e+10 6.01202e+10 3.98e+10 3.72714e+10 5.1399e+10 1.13522e+11 3.74673e+10 3.72678e+10 4.04026e+10 3.37714e+10 6.46145e+10 4.20174e+10 3.24273e+10 4.46704e+10 5.32881e+10 3.74279e+10 3.08424e+10 2.9812e+10 2.89598e+10 3.65945e+10 2.68991e+10 2.60326e+10 2.52966e+10
threshold=76500.000000000015 240500.00000000003 83500.000000000015 177500.00000000003 37500.000000000007 796500.00000000012 125153.84615384617 119500.00000000001 497500.00000000006 13500.000000000002 178500.00000000003 141604.39560439563 159500.00000000003 65500.000000000007 9500.0000000000018 158500.00000000003 210500.00000000003 121500.00000000001 268000.00000000006 58500.000000000007 26500.000000000004 45500.000000000007 29500.000000000004 8675.8241758241784 89500.000000000015 154500.00000000003 111313.18681318683 122500.00000000001 527000.00000000012 7500.0000000000009
decision_type=2 10 8 10 10 10 2 8 2 8 10 2 8 10 10 10 8 8 10 10 8 10 10 2 8 10 2 10 10 8
left_child=1 4 -3 7 6 16 23 14 -9 -6 11 13 -13 -11 15 29 18 -18 -5 20 21 -16 -23 -1 -8 26 27 -25 -19 -2
right_child=3 2 -4 5 9 -7 24 8 -10 10 -12 12 -14 -15 19 -17 17 28 -20 -21 -22 22 -24 25 -26 -27 -28 -29 -30 -31
leaf_value=-590.47983885716349 1578.1774270558913 -1422.6002371651787 13088.660518112183 894.38483816199061 -463.12411568100089 7516.867895507813 -7000.0358789062511 538.51622792183082 5554.6389455159515 -24.159213359297325 -3395.4232872009279 7561.3213657924107 -1365.5721218766839 237.75903719417508 739.51752697172617 3428.7006425965506 7064.3951898748237 1673.5306113756135 -3273.1008730468752 205.17691356908009 -76.142903785538792 -4437.461589319566 -1119.6018078411328 -197.07111851399964 -1864.6546217698317 -2656.6523766358696 3415.0643166678296 -2068.4719496689836 -1828.263543146307 371.48472111570243
leaf_weight=2192 215 21 20 749 1805 20 20 5397 24 36815 32 28 29 6413 63 53 22 606 25 11317 1601 68 68 30721 26 48 28 77 22 905
leaf_count=2192 215 21 20 749 1805 20 20 5397 24 36815 32 28 29 6413 63 53 22 606 25 11317 1601 68 68 30721 26 48 28 77 22 905
internal_value=0 -97.521 5656.06 360.835 -100.536 1293.46 -233.396 292.512 560.724 -3.03954 16.132 18.6541 3019.57 14.6971 190.764 730.795 1206.05 1737.47 759.776 142.471 -251.775 -1664.78 -2778.53 -228.02 -4097.43 -202.286 -198.465 -201.75 1550.86 603.127
internal_weight=0 78275 41 21155 78234 1444 33112 19711 5421 45122 43317 43285 57 43228 14290 1173 1424 650 774 13117 1800 199 136 33066 46 30874 30826 30798 628 1120
internal_count=99430 78275 41 21155 78234 1444 33112 19711 5421 45122 43317 43285 57 43228 14290 1173 1424 650 774 13117 1800 199 136 33066 46 30874 30826 30798 628 1120
is_linear=0
shrinkage=0.1


Tree=28
num_leaves=31
num_cat=0
split_feature=39 20 27 9 18 18 6 14 14 6 22 25 27 16 32 39 27 19 29 37 40 29 6 31 35 18 34 22 36 8
split_gain=2.75366e+11 1.51908e+11 2.02395e+11 8.07872e+10 7.80955e+10 6.86985e+10 5.50422e+10 4.79512e+10 6.42113e+10 4.51027e+10 3.82836e+10 3.35139e+10 3.02008e+10 3.09321e+10 2.98174e+10 2.86167e+10 2.49718e+10 3.27798e+10 2.44916e+10 3.71241e+10 2.38779e+10 2.36264e+10 2.3047e+10 2.28724e+10 2.28676e+10 2.33497e+10 2.83825e+10 2.28551e+10 2.26039e+10 2.20456e+10
threshold=66076.923076923093 449500.00000000006 990500.00000000012 452500.00000000006 90500.000000000015 42500.000000000007 2.5000000000000004 788000.00000000012 508000.00000000006 1.0000000180025095e-35 230500.00000000003 150500.00000000003 192500.00000000003 195500.00000000003 45500.000000000007 9456.0439560439572 66500.000000000015 147500.00000000003 199500.00000000003 166500.00000000003 164200.00000000003 103500.00000000001 1.5000000000000002 161500.00000000003 59500.000000000007 115500.00000000001 114500.00000000001 193500.00000000003 130500.00000000001 -91499.999999999985
decision_type=2 10 8 10 8 10 2 10 10 2 10 10 10 10 8 2 10 10 10 8 10 8 2 10 8 10 8 10 8 10
left_child=5 3 7 4 10 15 -5 8 -3 23 18 12 13 20 -13 -1 17 -17 -2 -20 -11 -16 -7 -6 -23 26 -26 -14 -25 -27
right_child=1 2 -4 6 9 22 -8 -9 -10 11 -12 14 27 -15 21 16 -18 -19 19 -21 -22 24 -24 28 25 29 -28 -29 -30 -31
leaf_value=-501.47734511977023 74.757124069452047 2725.7608677739681 12062.0295211792 80.958566151494566 700.66433068016704 149.59193932661259 6310.5354835304061 5948.1968098958341 -3570.5480810546878 263.06288118151559 -3297.2935144761032 4044.6417552806715 -567.6423210390152 1379.5815349989205 1934.2130746895928 -151.64320817317628 -688.18095727347031 3001.37367775657 693.15645377419219 -3864.1156962859332 -3195.4100909423832 -2625.4898971557618 -42.538778722336829 4275.6691251693237 1227.8345685958864 2063.7898335865566 -2650.2596356599229 -3778.247567070855 1361.2379487402895 598.96506236499101
leaf_weight=2622 11474 46 24 23 2134 9072 37 21 25 10809 34 27 124 251 140 39839 878 33 33 39 20 22 20024 31 32 112 46 27 188 1243
leaf_count=2622 11474 46 24 23 2134 9072 37 21 25 10809 34 27 124 251 140 39839 878 33 33 39 20 22 20024 31 32 112 46 27 188 1243
internal_value=0 272.831 3883.81 257.228 249.018 -101.508 3922.53 1750.36 508.751 398.024 53.3531 324.336 262.97 282.113 749.242 -181.254 -160.65 -149.034 63.2199 -1775.37 256.675 693.458 17.3667 800.542 574.073 623.194 -1059.25 -1141.72 1773.78 720.043
internal_weight=0 26962 116 26846 26786 72468 60 92 71 15206 11580 12853 11231 11080 1622 43372 40750 39872 11546 72 10829 1595 29096 2353 1455 1433 78 151 219 1355
internal_count=99430 26962 116 26846 26786 72468 60 92 71 15206 11580 12853 11231 11080 1622 43372 40750 39872 11546 72 10829 1595 29096 2353 1455 1433 78 151 219 1355
is_linear=0
shrinkage=0.1


Tree=29
num_leaves=31
num_cat=0
split_feature=1 24 32 11 41 1 32 7 8 6 27 9 5 41 16 32 15 2 39 34 18 8 27 11 32 33 16 35 21 23
split_gain=2.40711e+11 2.22867e+11 9.40034e+10 9.20505e+10 7.72983e+10 4.98911e+10 4.95128e+10 8.52482e+10 4.65516e+10 3.7855e+10 3.78271e+10 3.64858e+10 3.60805e+10 3.5782e+10 3.096e+10 3.05262e+10 3.11045e+10 3.02208e+10 3.01199e+10 3.00721e+10 2.86629e+10 2.8394e+10 2.87237e+10 2.78651e+10 4.58844e+10 3.54887e+10 3.29117e+10 2.77866e+10 3.40521e+10 2.87744e+10
threshold=96500.000000000015 330000.00000000006 796500.00000000012 48500.000000000007 96928.571428571435 175500.00000000003 29500.000000000004 -107499.99999999999 337500.00000000006 1.5000000000000002 151500.00000000003 953500.00000000012 29.500000000000004 28785.714285714294 202500.00000000003 146500.00000000003 84500.000000000015 496500.00000000006 34593.406593406602 183500.00000000003 13500.000000000002 -335499.99999999994 19500.000000000004 47500.000000000007 91500.000000000015 119500.00000000001 58500.000000000007 42500.000000000007 22500.000000000004 29500.000000000004
decision_type=2 10 10 10 10 2 8 10 10 2 10 8 2 8 10 10 10 2 2 10 8 8 8 8 10 10 10 8 10 10
left_child=1 3 5 4 8 13 7 -7 10 14 19 21 -11 18 -5 23 -17 -13 -2 20 -1 -8 -23 24 25 -15 -26 28 -25 -30
right_child=2 -3 -4 9 -6 6 11 -9 -10 12 -12 17 -14 15 -16 16 -18 -19 -20 -21 -22 22 -24 27 26 -27 -28 -29 29 -31
leaf_value=-321.40044775203836 432.2430587041946 10497.219208984376 6949.7094016335222 192.70500545190544 -3257.5834338760378 3548.7191452752977 -1970.673200899012 -4090.2888741175334 4256.4558904012047 -38.857637910133576 -2378.0083304154246 946.93973330543167 501.20767052607937 -701.5657551077469 3463.9795307027885 2975.6209850008527 679.60778330244057 6092.7282675781253 4176.1510557694874 3551.0583024458451 -113.06269668431696 3413.1349276335345 882.23213035219783 3964.552214122954 5153.219844970703 -4918.461086309524 553.48659946986606 255.29326124703439 -2025.6732137044271 1387.0644304881778
leaf_weight=7887 42 20 22 12197 80 21 34 48 24 25158 76 21 1301 402 29 63 930 25 44 22 40584 46 1782 42 20 21 70 8249 30 140
leaf_count=7887 42 20 22 12197 80 21 34 48 24 25158 76 21 1301 402 29 63 930 25 44 22 40584 46 1782 42 20 21 70 8249 30 140
internal_value=0 -57.7853 418.948 -60.2018 -151.716 407.005 866.228 -1765.37 -146.603 54.9404 -148.779 961.396 -12.3024 316.695 200.464 299.171 825.276 3743.56 2347.73 -145.285 -146.963 892.663 945.92 240.956 -474.676 -910.915 1575.65 284.345 1414.76 784.817
internal_weight=0 87378 12052 87358 48673 12030 1977 69 48593 38685 48569 1908 26459 10053 12226 9967 993 46 86 48493 48471 1862 1828 8974 513 423 90 8461 212 170
internal_count=99430 87378 12052 87358 48673 12030 1977 69 48593 38685 48569 1908 26459 10053 12226 9967 993 46 86 48493 48471 1862 1828 8974 513 423 90 8461 212 170
is_linear=0
shrinkage=0.1


Tree=30
num_leaves=31
num_cat=0
split_feature=1 24 32 10 24 15 10 11 6 32 10 17 24 1 42 6 23 33 5 38 14 8 6 8 21 2 40 13 25 12
split_gain=1.99637e+11 1.70993e+11 7.88121e+10 6.84075e+10 6.67425e+10 6.07841e+10 5.82819e+10 5.65332e+10 4.05247e+10 4.86025e+10 9.55386e+10 4.14137e+10 7.54495e+10 3.68739e+10 3.03671e+10 2.91458e+10 2.83883e+10 4.27979e+10 2.76565e+10 2.50561e+10 2.46947e+10 2.94452e+10 2.44751e+10 2.57144e+10 3.49509e+10 2.356e+10 2.34239e+10 2.30856e+10 2.29241e+10 2.24734e+10
threshold=76500.000000000015 321500.00000000006 796500.00000000012 117500.00000000001 38500.000000000007 102500.00000000001 250500.00000000003 209500.00000000003 1.5000000000000002 103500.00000000001 31500.000000000004 185500.00000000003 205500.00000000003 373000.00000000006 127500.00000000001 5.5000000000000009 532500.00000000012 497500.00000000006 29.500000000000004 175500.00000000003 2500.0000000000005 -335499.99999999994 1.5000000000000002 89500.000000000015 205500.00000000003 137500.00000000003 73083.333333333358 91500.000000000015 125500.00000000001 81500.000000000015
decision_type=2 10 10 8 8 10 10 10 2 10 10 10 10 2 10 2 10 10 2 8 8 8 2 10 10 2 10 10 10 10
left_child=1 4 3 20 5 14 8 13 9 -6 -11 12 15 18 -1 29 17 -9 22 -13 -2 -22 -5 -24 25 28 -7 -20 -25 -10
right_child=2 -3 -4 7 6 26 -8 16 11 10 -12 19 -14 -15 -16 -17 -18 -19 27 -21 21 -23 23 24 -26 -27 -28 -29 -30 -31
leaf_value=-204.69094789045735 732.98315273560206 9171.5754248046869 6254.7383511629978 754.34514771647434 102.59775868058205 -1387.3371556153772 -3535.1625166223407 1377.8509113413256 -130.57217958768345 7349.1451552734379 855.8166711224012 -152.88685131072998 5127.413490186419 4264.3577695312506 3430.7006258757219 99.52194067875601 -1391.8927216448103 5768.4722571331522 3646.6282189589278 -4301.6206104587864 -2133.1795722698344 124.74185374557426 349.35807770321776 351.01034052530929 -3046.2868587239586 -397.32412604532743 -4048.7187791777819 1021.8685307711112 4352.3164465041391 250.51114557807855
leaf_weight=23411 679 20 22 1272 14923 171 47 639 29231 25 242 24 28 25 23 8418 35 23 39 37 58 13732 3826 45 45 456 41 238 21 1634
leaf_count=23411 679 20 22 1272 14923 171 47 639 29231 25 242 24 28 25 23 8418 35 23 39 37 58 13732 3826 45 45 456 41 238 21 1634
internal_value=0 -73.6643 272.563 266.335 -76.0271 -216.373 -15.2568 531.444 -12.2247 126.524 1463.81 -65.755 -61.715 431.898 -201.123 -65.4137 1383.65 1530.4 415.773 -2669.33 144.234 115.245 368.068 256.22 -372.255 -141.735 -1902.04 1391.42 1624.15 -110.398
internal_weight=0 78275 21155 21133 78255 23646 54609 6664 54562 15190 267 39372 39311 5967 23434 39283 697 662 5942 61 14469 13790 5665 4393 567 522 212 277 66 30865
internal_count=99430 78275 21155 21133 78255 23646 54609 6664 54562 15190 267 39372 39311 5967 23434 39283 697 662 5942 61 14469 13790 5665 4393 567 522 212 277 66 30865
is_linear=0
shrinkage=0.1


Tree=31
num_leaves=31
num_cat=0
split_feature=1 23 1 32 11 15 24 20 37 7 14 22 7 16 11 7 12 1 32 22 42 40 12 0 20 24 39 12 41 11
split_gain=1.66774e+11 1.79827e+11 8.20422e+10 6.08016e+10 4.47656e+10 5.06166e+10 4.11911e+10 5.66201e+10 4.11524e+10 3.69233e+10 3.25525e+10 3.82385e+10 3.0532e+10 4.2002e+10 3.81221e+10 3.02957e+10 2.92855e+10 3.27254e+10 2.61661e+10 2.59198e+10 3.38313e+10 3.23164e+10 7.57551e+10 2.52437e+10 2.39896e+10 2.3938e+10 3.68928e+10 2.3898e+10 2.72247e+10 2.70886e+10
threshold=60500.000000000007 286500.00000000006 128500.00000000001 796500.00000000012 10500.000000000002 157500.00000000003 174500.00000000003 154500.00000000003 130500.00000000001 -241499.99999999997 185500.00000000003 137500.00000000003 -149499.99999999997 532500.00000000012 209500.00000000003 -149499.99999999997 195500.00000000003 497500.00000000006 59500.000000000007 167500.00000000003 93500.000000000015 67850.000000000015 95500.000000000015 622382.00000000012 25500.000000000004 5500.0000000000009 72598.9010989011 84500.000000000015 110642.85714285716 212500.00000000003
decision_type=2 10 2 10 10 10 10 10 10 8 10 10 8 10 8 10 8 2 10 10 10 10 10 2 8 8 2 8 10 10
left_child=1 4 9 12 5 8 10 -8 19 -2 15 -12 14 16 23 -6 -14 24 25 20 21 -1 -23 -4 -18 26 -17 28 -11 -29
right_child=2 -3 3 -5 6 -7 7 -9 -10 27 11 -13 13 -15 -16 18 17 -19 -20 -21 -22 22 -24 -25 -26 -27 -28 29 -30 -31
leaf_value=-266.09827328135788 4301.1330624534967 9155.943235560826 -2223.8434692382812 5902.5468377976194 3648.5182409113108 -3790.7635605230566 379.85057714843754 6288.8044876098638 -3322.5746041037819 44.10756825458693 -788.55635846247446 -5736.0215564546133 361.36839205050381 -3083.9080514618845 4672.3302117598687 -359.51167324072492 -2609.1183624267578 3844.4185705236487 150.87018748401579 3338.5291754150394 -3000.9822254774308 -521.14345381887335 7082.3503002929692 1738.5261847891461 882.83481471155017 -71.437722841822321 -3255.496811319987 208.15057883836312 -1492.8014263679243 2814.8904098510743
leaf_weight=10708 21 21 20 21 22 41 50 24 44 17989 61 21 3965 33 38 1959 20 37 5156 20 45 38 20 82 1206 45763 45 11804 116 40
leaf_count=10708 21 21 20 21 22 41 50 24 44 17989 61 21 3965 33 38 1959 20 37 5156 20 45 38 20 82 1206 45763 45 11804 116 40
internal_value=0 -96.2806 174.209 532.165 -99.3157 -283.751 -61.4012 2296.27 -270.529 109.45 -64.6914 -2055.59 511.284 472.499 1968.79 -61.6079 494.948 914.299 -63.1502 -258.13 -264.784 -253.347 2100.75 961.591 825.87 -86.2517 -424.541 106.511 34.2605 216.954
internal_weight=0 64038 35392 5422 64017 10916 53101 74 10875 29970 53027 82 5401 5261 140 52945 5228 1263 52923 10831 10811 10766 58 102 1226 47767 2004 29949 18105 11844
internal_count=99430 64038 35392 5422 64017 10916 53101 74 10875 29970 53027 82 5401 5261 140 52945 5228 1263 52923 10831 10811 10766 58 102 1226 47767 2004 29949 18105 11844
is_linear=0
shrinkage=0.1


end of trees

feature_importances:
mean_income_all=155
income_3_day_before=76
income_4_day_before=60
money_in=56
income_10_day_before=56
mean_income_last_3_days=49
income_24_day_before=41
yesterday_growth_of_income_growth=33
income_17_day_before=32
income_2_day_before=29
income_1_day_before=23
mean_income_last_7_days=23
income_8_day_before=22
income_16_day_before=20
yesterday_income_growth=19
income_7_day_before=16
income_14_day_before=16
income_15_day_before=16
income_6_day_before=15
income_9_day_before=15
latitude=14
income_5_day_before=14
income_11_day_before=14
weekday=13
income_20_day_before=13
money=12
income_21_day_before=12
income_12_day_before=10
income_19_day_before=10
income_13_day_before=9
income_18_day_before=9
income_29_day_before=8
income_27_day_before=7
mean_income_last_30_days=7
day=6
income_26_day_before=6
income_28_day_before=5
TID=4
longitude=4
income_23_day_before=3
income_25_day_before=3
income_30_day_before=3
income_22_day_before=2

parameters:
[boosting: gbdt]
[objective: regression]
[metric: l2]
[tree_learner: serial]
[device_type: cpu]
[data: ]
[valid: ]
[num_iterations: 32]
[learning_rate: 0.1]
[num_leaves: 31]
[num_threads: -1]
[deterministic: 0]
[force_col_wise: 0]
[force_row_wise: 0]
[histogram_pool_size: -1]
[max_depth: -1]
[min_data_in_leaf: 20]
[min_sum_hessian_in_leaf: 0.001]
[bagging_fraction: 0.7]
[pos_bagging_fraction: 1]
[neg_bagging_fraction: 1]
[bagging_freq: 0]
[bagging_seed: 3014]
[feature_fraction: 0.7]
[feature_fraction_bynode: 1]
[feature_fraction_seed: 29554]
[extra_trees: 0]
[extra_seed: 19515]
[early_stopping_round: 0]
[first_metric_only: 0]
[max_delta_step: 0]
[lambda_l1: 0]
[lambda_l2: 0]
[linear_lambda: 0]
[min_gain_to_split: 0]
[drop_rate: 0.1]
[max_drop: 50]
[skip_drop: 0.5]
[xgboost_dart_mode: 0]
[uniform_drop: 0]
[drop_seed: 12050]
[top_rate: 0.2]
[other_rate: 0.1]
[min_data_per_group: 100]
[max_cat_threshold: 32]
[cat_l2: 10]
[cat_smooth: 10]
[max_cat_to_onehot: 4]
[top_k: 20]
[monotone_constraints: ]
[monotone_constraints_method: basic]
[monotone_penalty: 0]
[feature_contri: ]
[forcedsplits_filename: ]
[refit_decay_rate: 0.9]
[cegb_tradeoff: 1]
[cegb_penalty_split: 0]
[cegb_penalty_feature_lazy: ]
[cegb_penalty_feature_coupled: ]
[path_smooth: 0]
[interaction_constraints: ]
[verbosity: -1]
[saved_feature_importance_type: 0]
[linear_tree: 0]
[max_bin: 255]
[max_bin_by_feature: ]
[min_data_in_bin: 3]
[bin_construct_sample_cnt: 200000]
[data_random_seed: 126]
[is_enable_sparse: 1]
[enable_bundle: 1]
[use_missing: 1]
[zero_as_missing: 0]
[feature_pre_filter: 1]
[pre_partition: 0]
[two_round: 0]
[header: 0]
[label_column: ]
[weight_column: ]
[group_column: ]
[ignore_column: ]
[categorical_feature: ]
[forcedbins_filename: ]
[precise_float_parser: 0]
[objective_seed: 25204]
[num_class: 1]
[is_unbalance: 0]
[scale_pos_weight: 1]
[sigmoid: 1]
[boost_from_average: 1]
[reg_sqrt: 0]
[alpha: 0.9]
[fair_c: 1]
[poisson_max_delta_step: 0.7]
[tweedie_variance_power: 1.5]
[lambdarank_truncation_level: 30]
[lambdarank_norm: 1]
[label_gain: ]
[eval_at: ]
[multi_error_top_k: 1]
[auc_mu_weights: ]
[num_machines: 1]
[local_listen_port: 12400]
[time_out: 120]
[machine_list_filename: ]
[machines: ]
[gpu_platform_id: -1]
[gpu_device_id: -1]
[gpu_use_dp: 0]
[num_gpu: 1]

end of parameters

pandas_categorical:[]
